4.469500344706669320e-02
8.730609072611074384e-02
3.481482386958564129e-02
3.910385005591263119e-02
2.949707299639278343e-02
3.920084338859798623e-02
4.947133197031356594e-02
3.338536831816526357e-02
3.475924645404502439e-02
7.521698989439903893e-02
3.028977796836705705e-02
2.492236499446409681e-02
4.512558183671906697e-02
2.898219736513604067e-02
1.857015990506875880e-02
3.468338607035267168e-02
3.655584517501048875e-02
4.856842999592438093e-02
6.944353952201107183e-02
2.853153954075128562e-02
2.467863771710358811e-02
4.341648341001102390e-02
2.584497675165702349e-02
5.369129365859803132e-02
2.308498280992479432e-02
3.705568348676601537e-02
4.792782660919357035e-02
4.045056706621520670e-02
5.305453570643066386e-02
1.997579018284998537e-02
3.180408628319623954e-02
6.046652876910259961e-02
3.911485939808258955e-02
3.465118032899978939e-02
5.975909546275678941e-02
4.848184697639985885e-02
5.933711393541286905e-02
3.897104051261762042e-02
4.245608346615393353e-02
1.655408287051299276e-02
4.010471113338472116e-02
4.416939396372494830e-02
3.165316094199280977e-02
6.058711571626580056e-02
4.191251154443217941e-02
2.968253931230414519e-02
3.558327356110370376e-02
5.367836787573280338e-02
4.847347887351263762e-02
2.428255421462153021e-02
3.047948865331320464e-02
4.610711041808759209e-02
5.881766926245891175e-02
3.984123218895988666e-02
2.715895101565762165e-02
2.345043098124914571e-02
2.221337445990850465e-02
2.378864067452357567e-02
2.773866172225918081e-02
5.114245675362032867e-02
4.948275609472572306e-02
5.689967034249253375e-02
3.824970760262244585e-02
9.381790258434410945e-02
3.782701814033250648e-02
3.215201089032168613e-02
2.462339299339253926e-02
1.518291105630122789e-02
4.499206414595955522e-02
3.748243014965237097e-02
2.242720244700226531e-02
4.036903588291723688e-02
3.567873776354159310e-02
4.414870130388798969e-02
6.476336910743647757e-02
3.039492602028272261e-02
5.091524617460029684e-02
5.115702951529047665e-02
5.340413689361384053e-02
8.681000267179111995e-02
3.307648510980730483e-02
5.612547854591436181e-02
2.757348116320896408e-02
1.972439379515027180e-02
6.563825045814297710e-02
5.345852199198518340e-02
3.356137807592476929e-02
2.745423309105766985e-02
8.362184588637978921e-02
4.007584961375099120e-02
4.439441304244887837e-02
3.784788105503370664e-02
3.802105028481028715e-02
4.706229531860312704e-02
4.593699071390375949e-02
3.153605484391035219e-02
5.090994695230162403e-02
2.832889870942279301e-02
1.764881418892911072e-02
3.908104828906186490e-02
3.541593410741338682e-02
5.462560640564312342e-02
3.366000700095273662e-02
3.993267311494382715e-02
3.620194248722168745e-02
7.996937063199639761e-02
3.742904422903797074e-02
4.720015934204596642e-02
5.033324731262631135e-02
4.677029254026895955e-02
4.116750504901261348e-02
2.780601781291506397e-02
1.470637769889206019e-02
4.757492224355253096e-02
3.327567292300124407e-02
5.325710400636671227e-02
3.652202670605603912e-02
5.005539888975880231e-02
2.342880976767294093e-02
3.859490011340471066e-02
9.964973279249203508e-02
4.425588378623841052e-02
4.526830974286730203e-02
8.208977043107573701e-02
3.747320652934545138e-02
2.814037225829321351e-02
2.917320821920617660e-02
1.075822913964186583e-01
3.665359520854501868e-02
5.270034541108353093e-02
5.039292539747529387e-02
2.360069312593282564e-02
2.105754259158164332e-02
2.571075916992330429e-02
3.466777386750748147e-02
3.427237465344501466e-02
2.872698768856035006e-02
4.168264721830462760e-02
4.469929513123530040e-02
3.887370288101905935e-02
2.412130543603686894e-02
5.575859039105045961e-02
5.796629323606686951e-02
3.477722665408982533e-02
3.965619560220820516e-02
3.069095303432440094e-02
3.862686047662483579e-02
2.257706001428406301e-02
4.066970142864837628e-02
7.309757137005853944e-02
4.258125416040955957e-02
8.988085571615704594e-02
3.579679615140442250e-02
4.796131438953035037e-02
3.422414349308691706e-02
2.738780414693251300e-02
2.593069861120708003e-02
3.989067867900652348e-02
3.155728032798723465e-02
3.697831535400113862e-02
2.925828296226301584e-02
3.353464908005467093e-02
4.068884121853850316e-02
3.284185350611279475e-02
2.693971956460170999e-02
3.879129737345349271e-02
3.551744651481208992e-02
2.241320749017042258e-02
3.242158482924274721e-02
3.945001814792342687e-02
2.206586452970971113e-02
3.885840075708109354e-02
5.473910694047835063e-02
3.103817483823345311e-02
3.107497545843755996e-02
2.056671318599820678e-02
7.913429791658285750e-02
2.854946595867311615e-02
4.478249787952390953e-02
3.461802320806406374e-02
4.614501827203779105e-02
3.980503590143867620e-02
2.982597208408715658e-02
2.498405169661315275e-02
4.880864964033920089e-02
2.849596782967050990e-02
3.207381742555481113e-02
2.396280016540194846e-02
2.325423206445177346e-02
3.304392465263532308e-02
5.073037355339155702e-02
6.018783617250197254e-02
1.708206473941185216e-02
2.838010401053976325e-02
2.817697475798907475e-02
2.783571193387268661e-02
3.838198274559303375e-02
5.193338984887370391e-02
3.951710967140937419e-02
4.562411645812020078e-02
3.591863538216436003e-02
3.696187506822318919e-02
4.277675481845262528e-02
9.248461116385377212e-02
3.214764401192999471e-02
7.753690382947799054e-02
4.405820124366997131e-02
4.237318802339587465e-02
4.116344353027598379e-02
5.285577908463182789e-02
2.437705213285971950e-02
3.614998305920259086e-02
3.761886388885687937e-02
6.232895407622990325e-02
4.083528053969461696e-02
4.731611874731733725e-02
8.592732429536333039e-02
2.368779691760260556e-02
6.222170661036242195e-02
4.088059210405950439e-02
4.651758709958454807e-02
2.837048115336225293e-02
5.536630278897565482e-02
4.586577788995500893e-02
6.997304017825796418e-02
5.724143502752894463e-02
4.472938671817273254e-02
4.058223573626941472e-02
5.119126251312659803e-02
3.550463355290597173e-02
2.898128868363484059e-02
2.506552724859259507e-02
2.452333449385914535e-02
8.325897504219979817e-02
4.379875878228933067e-02
4.799449309894581600e-02
2.222389017356240018e-02
6.980417074772284070e-02
3.240861443593363866e-02
3.999013432760648717e-02
4.298072747510494479e-02
5.722452925846205352e-02
4.882347501542982915e-02
6.523217595397183544e-02
2.432074420491361910e-02
2.817342184069209637e-02
2.187544417679701536e-02
2.779527282448321368e-02
5.685616311633356901e-02
2.630652571550263358e-02
6.606863358246893581e-02
6.749590814760596247e-02
3.462097808236767188e-02
2.520881127724287560e-02
3.988132186632637605e-02
4.024017928939148392e-02
2.594237310876508149e-02
3.866027064186430134e-02
7.511765021840954848e-02
2.256991815407347751e-02
4.290322216554946777e-02
3.139407505877117588e-02
2.957267572674098649e-02
6.417912185614206566e-02
2.760926397903422716e-02
3.571795319299368721e-02
6.125826474192230808e-02
2.734658852910249252e-02
2.809844582752175565e-02
3.686861851581578475e-02
4.482340983708620052e-02
1.816317785478863828e-02
5.563636153699921122e-02
2.463425226072989832e-02
2.445598259477346076e-02
3.051796034687931369e-02
4.552505315044753920e-02
3.727864930474063948e-02
3.978581343701926426e-02
3.556180808138006966e-02
2.243053406102563097e-02
1.962806850852825274e-02
3.085947917362984530e-02
5.892920583506879723e-02
3.195541994032889688e-02
2.932068596933833787e-02
4.754826742043713472e-02
2.405510887358698613e-02
2.384552244703880275e-02
1.872779324730077313e-02
3.033079805045410179e-02
2.890244382144094640e-02
2.603160776916241953e-02
2.715519922153189145e-02
2.273818192048088910e-02
4.114015855000445476e-02
2.571714184940511114e-02
3.131086709252046962e-02
4.168649506394013493e-02
3.076291398734130877e-02
