2.533728846015564917e-02
4.800774632545484755e-02
2.193047224497138639e-02
2.304368904350453592e-02
1.945045768310552439e-02
2.275188808423762171e-02
2.442964337944779352e-02
2.201122631175441921e-02
1.866883801566217999e-02
3.027999186426815273e-02
1.732525986284596045e-02
1.484253491503531065e-02
2.469698753473557884e-02
1.198904481855369263e-02
1.174420549463050210e-02
1.995356957960688071e-02
2.198216100181733454e-02
3.000623367949468989e-02
3.994358380062721509e-02
1.758034851226634998e-02
1.651605573619928380e-02
3.068315097274125144e-02
1.602761267168123158e-02
3.490889354205669454e-02
1.348269499827299024e-02
2.279886790355014139e-02
2.552950421282697974e-02
2.133830514631430975e-02
3.000063538784415035e-02
1.337161967559805618e-02
1.723974777682991261e-02
3.309955052571105644e-02
2.367166144203698003e-02
2.290086147323703789e-02
2.890797616750931734e-02
2.305075122390860126e-02
3.825566805544072108e-02
1.735468817748337181e-02
2.275558749292538180e-02
1.146838367488912415e-02
2.366707600709544446e-02
2.893178173331206401e-02
1.917443673224284578e-02
3.429169515991088713e-02
1.965348763481042371e-02
2.200585711381921813e-02
2.336873353687664301e-02
2.735660365752339007e-02
2.216825995220053289e-02
1.733595405055547364e-02
1.537049199726754460e-02
2.308978154448042969e-02
3.949950245507888313e-02
1.794990967643753446e-02
1.762560366250195271e-02
1.565722488068276019e-02
1.557179379007243153e-02
1.594935678271590038e-02
1.650446303911100657e-02
3.482793795107860108e-02
2.701432364310227610e-02
2.942864548262498145e-02
2.545180946012587028e-02
4.787148485660513292e-02
2.131242119170418531e-02
1.918513381160644529e-02
1.419762200752195010e-02
1.178381733390245975e-02
2.676017631561202273e-02
2.776626607306664427e-02
1.418764716784039377e-02
2.575205620587747712e-02
2.091169889872615539e-02
2.472887896822027406e-02
3.416740041632802122e-02
1.586680652863590654e-02
2.432258190520916047e-02
3.443921609596566069e-02
2.992058401165895165e-02
4.027707430492162566e-02
1.734474837246366419e-02
2.391951136648986717e-02
2.397163407474285982e-02
1.101809166380002952e-02
3.539483183384379422e-02
2.895888988515991219e-02
1.830316366195252828e-02
2.056347219685157254e-02
2.683761221040592906e-02
2.297294711875353529e-02
2.720831721030422812e-02
2.231543056985534762e-02
2.128859219408970813e-02
1.902402927876279543e-02
3.155193115365976381e-02
1.969378840776187314e-02
2.461003855866622514e-02
1.384653906630487451e-02
1.277995450641544045e-02
2.141755923753061244e-02
1.808484815307154908e-02
2.410303725755492954e-02
1.433310027265359034e-02
2.436442949932006788e-02
1.621082023254192747e-02
4.320542022093180196e-02
1.624174878256426716e-02
3.187944356047459071e-02
2.445469612165551351e-02
2.593095815756349398e-02
2.965881671160446736e-02
1.705710467637490749e-02
1.069855328808962808e-02
3.315693953171295477e-02
2.036230904459103430e-02
2.203360341779210183e-02
2.068875313426532525e-02
2.912415823536822559e-02
1.699891809848064553e-02
2.542572115017927015e-02
3.780208431906398325e-02
2.066968511773933231e-02
2.766432543053223142e-02
4.701223130743540507e-02
1.968729018643847889e-02
1.694861977189433822e-02
1.678989961116029647e-02
6.977392409735302947e-02
2.804509544796177090e-02
3.057197373870243484e-02
3.226793437512825991e-02
1.448170221532058682e-02
1.411656934733860995e-02
1.407606968585356153e-02
2.467945538307341619e-02
1.659110142179139047e-02
1.916876796094937191e-02
2.667720265844977789e-02
2.790642889331462415e-02
3.054194180243144721e-02
1.665410776364219941e-02
4.059097428900047128e-02
3.445668232428925060e-02
2.117353083235813324e-02
1.519950557089458018e-02
1.759475655694140578e-02
2.533549004901010371e-02
1.697341480702233354e-02
2.291858129428763977e-02
3.558481776867074980e-02
2.831596686248943201e-02
5.120657485182585761e-02
1.678908363776766485e-02
2.620069055305931580e-02
2.512609063999132059e-02
1.604702765861938663e-02
1.537121706338910078e-02
2.033355770535099499e-02
2.147393585671638142e-02
1.896517388383766461e-02
1.761277000775085880e-02
2.175706581122934663e-02
2.907105686458408625e-02
1.838173795141838721e-02
1.646916403223055297e-02
2.461072018379621001e-02
2.011835109778068245e-02
1.519667195343317977e-02
2.202703553387593341e-02
2.343289814012083569e-02
1.569781896370546839e-02
3.201187286155256911e-02
2.332178720418226839e-02
2.267448063879987444e-02
2.108672616935043306e-02
1.413137888869722691e-02
4.662655950386081910e-02
2.308359401399929373e-02
2.714905815164612643e-02
2.118621024303892972e-02
2.812639882623138229e-02
2.050120231656405584e-02
1.919242736617227801e-02
1.594274263190780319e-02
3.803414962175816899e-02
1.831576540743080211e-02
2.255222070860563033e-02
1.767917571566644808e-02
1.190802314517412988e-02
1.673865210389044803e-02
3.666334048506864757e-02
3.679517925893344837e-02
1.342903545158056870e-02
1.569222757645026556e-02
1.810139439179021467e-02
1.875921717157341337e-02
2.053755766058791912e-02
2.294470065881524384e-02
2.475401888499427841e-02
2.347486054329461433e-02
1.930221326968479395e-02
2.940197229826745431e-02
2.065909323255450333e-02
5.550481512165481024e-02
1.621124356976696643e-02
4.056487112602079337e-02
2.320502697609646073e-02
2.744703220528008081e-02
2.445468572498238694e-02
2.904793496638320704e-02
1.443145379144163479e-02
2.149169871242092439e-02
2.218156836329604475e-02
2.967175095330866832e-02
3.179168106597508869e-02
2.313685724589862810e-02
3.959122351284433128e-02
1.320897837478043207e-02
3.036118114545008698e-02
2.968069745998212772e-02
2.177214114578117712e-02
1.977970153847040738e-02
2.424797314970057738e-02
2.447014204657091407e-02
3.725811836020374856e-02
2.849000699247555141e-02
2.461265944569840380e-02
2.336120397862377629e-02
2.548447300255645212e-02
2.090903352420301481e-02
1.865582908859242731e-02
1.870155671939863901e-02
1.704565103697274972e-02
3.418793584131421537e-02
2.639874092661340446e-02
3.979625979338263786e-02
1.606600860046724852e-02
3.231747015533422557e-02
2.371555754036350910e-02
2.413337498281714621e-02
1.838556556253440055e-02
3.546061617796710669e-02
2.493123228629846519e-02
4.076244719821554147e-02
1.504386729363827238e-02
1.566966001550762835e-02
1.176519841156307283e-02
2.012409271145311138e-02
3.350579526348944348e-02
1.413530870428299224e-02
3.530620931301399479e-02
4.033382685145477792e-02
2.391472363588135683e-02
1.419215089657377936e-02
1.848853234012307056e-02
2.130635472669545338e-02
1.624657207887180224e-02
2.386487436929570979e-02
3.812501707512151033e-02
2.005135839579852072e-02
3.095854853696311526e-02
1.879462104328653502e-02
1.598302224139718647e-02
4.255056056421550881e-02
1.501782583737245463e-02
2.538032408885955785e-02
2.369611610438290480e-02
1.919131330546556755e-02
1.538459681449040606e-02
2.079220543084167941e-02
2.904140108813264842e-02
1.113947383757238688e-02
3.556192309466123941e-02
1.735877787142489984e-02
1.465876419651601995e-02
1.988921357693758732e-02
2.795998935631214752e-02
2.405760080998538969e-02
2.416915815245509677e-02
2.012022537501227670e-02
1.265395974929953149e-02
1.301707422934014584e-02
2.296444116167773233e-02
3.692180248511926083e-02
2.075752588490335435e-02
1.463398164672964109e-02
3.310940655858857218e-02
1.570015414499347298e-02
1.565262992018458602e-02
1.169573026802281021e-02
2.071625719015805084e-02
2.146560307572657408e-02
1.474441167784613753e-02
1.615433234579986832e-02
1.514012861705287850e-02
2.589569068677562494e-02
1.594418428636488333e-02
2.199649192536667214e-02
2.238692734276630583e-02
1.862635618907005144e-02
