3.144322319736046756e-02
4.542015354258980425e-02
3.544644820824680020e-02
4.503227884838754969e-02
2.828420940820062721e-02
2.311016102161242425e-02
3.404273349372585050e-02
5.671975878523539960e-02
6.393265680503132375e-02
4.760819739894091990e-02
3.501151699450358312e-02
3.799433517127574073e-02
6.246207714500372904e-02
2.592034401109861649e-02
3.572304467221544544e-02
6.768089720977196744e-02
3.422492415395639309e-02
4.757526772731655862e-02
3.255142358092297239e-02
2.550327725279594865e-02
2.917730095463894058e-02
2.202667394457894640e-02
3.090824698671704868e-02
3.074050936644147011e-02
2.628895367966115754e-02
4.523093929050003847e-02
4.821003579153518293e-02
3.043032322093982417e-02
2.847987057993145096e-02
3.226791761801925396e-02
3.038680357160186349e-02
3.942696914255099799e-02
3.281957773879564527e-02
3.732277944653468460e-02
2.752162256001264642e-02
3.078326140567670330e-02
2.134725018101992985e-02
2.536503289453594448e-02
6.132988812847728344e-02
4.047645084070175536e-02
3.816291327172004894e-02
4.945433960037739357e-02
2.111920329569416666e-02
2.788537483710586476e-02
2.715226183037136587e-02
2.268535816208280473e-02
6.905329690965905653e-02
3.690116181035663079e-02
2.996538651135539563e-02
3.376605848379585217e-02
2.161581025992029975e-02
5.091785829991969659e-02
7.619062736432551108e-02
2.737816631700808884e-02
2.484561802428966737e-02
4.488339494525143275e-02
2.213195280390959155e-02
2.658503609200457696e-02
4.144919550680874892e-02
2.415588890061687311e-02
2.855588531813846656e-02
4.989035610969674156e-02
6.269923374228322799e-02
3.891305582643284078e-02
3.818573960281552993e-02
4.108461534040052515e-02
3.584274704067815648e-02
3.583146632737727738e-02
2.492620681044888792e-02
3.686890854030312054e-02
4.741034924256824074e-02
2.428501116238783800e-02
2.882985198658245818e-02
6.967247226874422050e-02
4.501625051079296419e-02
6.438598355630067993e-02
1.883357350561580892e-02
4.115651713291962333e-02
5.762310013950955323e-02
5.674228691533766272e-02
1.774615902317096608e-02
3.036103319199224757e-02
2.477511410720959623e-02
4.560144377243504493e-02
3.639249561678251782e-02
3.502004447835163625e-02
5.252933757958193339e-02
7.470050879216114104e-02
3.843888140198929715e-02
5.877349164945323834e-02
2.415414228537865471e-02
4.212169538601949481e-02
4.327876365961368099e-02
4.558725249557129405e-02
3.367635586493792493e-02
2.214311438928733347e-02
2.461321988365168523e-02
5.511295801125802585e-02
3.658080101395973227e-02
2.860461681346676555e-02
3.325490595223769275e-02
2.586773847142990329e-02
2.508486222120661843e-02
6.552964128539341682e-02
3.030474576975751219e-02
3.990893308567766695e-02
2.091176631945582814e-02
2.502669256804331346e-02
2.875791948421341226e-02
2.083139974520380536e-02
4.116875006835107181e-02
3.942256172846989037e-02
2.586235516281090718e-02
2.598467554573137550e-02
3.341504852525722935e-02
4.090653609889930570e-02
5.796599284216311099e-02
2.512653176276631248e-02
7.307567522440423791e-02
2.149525826090024211e-02
3.015691031508745470e-02
3.566249965747932127e-02
1.835775205132982035e-02
5.485885847454516351e-02
3.681069027677364575e-02
4.279632655102295902e-02
1.946524277773911335e-02
3.193912953179811609e-02
3.309314832417539071e-02
5.461417863069934625e-02
2.490729115926037032e-02
2.302494255609692508e-02
3.207090870341277461e-02
3.351689935377392265e-02
3.115437348460700986e-02
4.192620120383503540e-02
3.817100338666128134e-02
6.069402190004293679e-02
4.778128650001664535e-02
3.347852565910854755e-02
4.830524686412215191e-02
2.438478874218982448e-02
2.942729066767555204e-02
4.316296661108303540e-02
2.371687222345016804e-02
7.237010108938379815e-02
3.655246276117764259e-02
4.955404043428583011e-02
4.801451063518151485e-02
4.790351872722788812e-02
1.620964229619637625e-02
4.782217974599053262e-02
4.866076179485149394e-02
1.771079480996581509e-02
3.178928845518069757e-02
4.015760400582445849e-02
3.761832663219593503e-02
2.987786118863651821e-02
2.630045050885155417e-02
6.621393654743459867e-02
4.793922914976481847e-02
2.871196805387798631e-02
2.965322300962396074e-02
2.329389935892852218e-02
3.017887922087390123e-02
4.443961753672321519e-02
6.218105583014187088e-02
4.792315277839641341e-02
3.328612278524351042e-02
4.632778406445293290e-02
2.713557331153788540e-02
3.317295496734703336e-02
3.037261817925752949e-02
3.306423561018511509e-02
4.150996734957093648e-02
4.444704922669116820e-02
2.499699455976576307e-02
3.313750063278275704e-02
3.801416133920997725e-02
4.553900429187243692e-02
3.125004437313065597e-02
4.975655621078518831e-02
5.274285851274493342e-02
3.013431949750327091e-02
3.108573778900862450e-02
2.513488503586173983e-02
2.151249175117531109e-02
2.859386763199402159e-02
3.764087555942079860e-02
3.977019393180079160e-02
6.204990616270700948e-02
4.820589799086882898e-02
2.160843903179782144e-02
4.243752723661862319e-02
1.624615192041543865e-02
3.242762286730135196e-02
3.418396608525255120e-02
3.242129318944584476e-02
2.763594696524276570e-02
4.535217225102455840e-02
2.142405048684571656e-02
4.661056692625094311e-02
4.062527732770958300e-02
4.993535294749294751e-02
3.058966621471233618e-02
3.752801441811317446e-02
4.476446091849353021e-02
2.862599399934537964e-02
2.764034318099288859e-02
1.830213743602080931e-02
4.100300373889375488e-02
4.352449390650553473e-02
4.204105847302522930e-02
2.950104755069886051e-02
4.177086481577229476e-02
2.884706193157226747e-02
1.598552272381574546e-02
3.926439741767900893e-02
5.202613361336250880e-02
3.430175087302369391e-02
3.347152006356284015e-02
1.944175565204788597e-02
2.872914943218039807e-02
3.247402300761570437e-02
3.252852179407235422e-02
3.829246454398625710e-02
4.374969289305981335e-02
3.213013579024825983e-02
4.408134139925468792e-02
4.279249839462605232e-02
7.554275279005308319e-02
2.691972733210997240e-02
2.030380154198238585e-02
5.204299444276928172e-02
3.043230118334269707e-02
4.066767824279254873e-02
2.545328593281980314e-02
4.206301494900121368e-02
4.409360310990943776e-02
4.311711089143509257e-02
4.406486413107810196e-02
2.691799615954481792e-02
3.329036517061678691e-02
3.090790416409656960e-02
4.218564674689548322e-02
2.306706494431131141e-02
3.211908996591711363e-02
4.587791530294427905e-02
3.046643901479334504e-02
3.180555116957665268e-02
4.088464413043516044e-02
4.432027910871721293e-02
2.477804366053318330e-02
3.183236607529602025e-02
2.208203278996643398e-02
3.462493889446155437e-02
6.184082934484796956e-02
1.945439220358144081e-02
2.146195844016400914e-02
3.001918533384768245e-02
5.177590930172819295e-02
7.382915038097111193e-02
7.536721505955382150e-02
4.090428288705549170e-02
3.677070489604254699e-02
3.183009589207012879e-02
2.491321424152619438e-02
2.309401623930672567e-02
3.800027980211793249e-02
4.004897610934536611e-02
3.538362023778251347e-02
2.096123444059976720e-02
3.021532793271870104e-02
3.509701016976343735e-02
4.716228434062760128e-02
3.416200554679985069e-02
7.263061155190163320e-02
2.936524804722145596e-02
2.826282672648329844e-02
3.546238757766290856e-02
3.521269443552122597e-02
5.178253203542461380e-02
3.353366988696272755e-02
8.306856813460904154e-02
5.750855156024873432e-02
5.745557875034201789e-02
3.180742003965656567e-02
4.530207143006274167e-02
4.474345826775383977e-02
2.362919894965666984e-02
2.919548848713766909e-02
3.253986380269149881e-02
2.576674371483870032e-02
4.285357726954752700e-02
4.284627531966862107e-02
2.614500463166405039e-02
3.088024003475612136e-02
4.962978090091026140e-02
3.987001102889762422e-02
5.427646645943222381e-02
3.109841203425888281e-02
3.833253353889806703e-02
2.394853570792152692e-02
2.733293251843418523e-02
5.652881423327043436e-02
5.524091977412553395e-02
4.276301605022831548e-02
2.338999672318297848e-02
4.356461376214523784e-02
6.309598261945409403e-02
4.472734501473263347e-02
3.470899309995562065e-02
3.267900768599055206e-02
2.867609942359022543e-02
2.436240261389349682e-02
4.469412640014263499e-02
5.369170292997509780e-02
2.907047258598787279e-02
1.973598297472207649e-02
1.903022194044396570e-02
4.598549765088091879e-02
9.082898690892139693e-02
3.134660824880106111e-02
2.150902060302796112e-02
2.312571637712394768e-02
6.450118356249059937e-02
3.542346997492366173e-02
2.915382764731915335e-02
3.517548662679714083e-02
2.774959016213473725e-02
5.837644881337635677e-02
3.681688328340387839e-02
4.207514602088306688e-02
4.525246911705747138e-02
3.143142796710363812e-02
2.180559189531045688e-02
4.902878804198791685e-02
3.943133200718559189e-02
3.753322099052817939e-02
3.885535463552559909e-02
2.392429389640384277e-02
3.195252777201802730e-02
2.846303066615678973e-02
7.248053526463275886e-02
1.004541713165460481e-01
2.230876427162851658e-02
4.793665447091163823e-02
2.789205295112791999e-02
4.462262794038939634e-02
2.960262647953562989e-02
4.431242836679197966e-02
3.153968362001877135e-02
2.275598872481192705e-02
6.738086579234751905e-02
3.707327661996900198e-02
4.115199860269874027e-02
1.790863182437143347e-02
2.201227797171189174e-02
3.120048685047449241e-02
3.537063939694976011e-02
2.673078816888546649e-02
2.834454437171052971e-02
4.590267688423605580e-02
3.344491473968336931e-02
3.848454691867198713e-02
6.142232613082179021e-02
3.049482744538823190e-02
4.198950769601996619e-02
3.399659972887155573e-02
1.836446823680271123e-02
3.039450846181615193e-02
1.941022430225174469e-02
5.199412345876439079e-02
5.304492649268341409e-02
5.380490634955394785e-02
1.872317386409699802e-02
6.411560189241961860e-02
3.708367208525284453e-02
3.951731619581750482e-02
2.920226829139177180e-02
4.243367912375452938e-02
2.660029705151698703e-02
2.344990546431115555e-02
3.072575349038180956e-02
1.017096610832624454e-01
3.952960205041340658e-02
3.721850143541619721e-02
4.520858809208457701e-02
5.675081667236536037e-02
3.890829459771619897e-02
3.747487888153101104e-02
5.863179847728552246e-02
6.430409912012788332e-02
2.446158341510643389e-02
4.954616014598962892e-02
3.815981490354367761e-02
4.130512062586207123e-02
3.661153827984905268e-02
1.745059299991704241e-02
2.784450211661164409e-02
3.945330182111193157e-02
6.604299170939385843e-02
5.033288190581023530e-02
2.100991810240303292e-02
3.665449478468434108e-02
3.177503088483307758e-02
3.849190624827195095e-02
6.604690678388211444e-02
3.356957435977715037e-02
5.663048671655002836e-02
4.069538099083862964e-02
6.615300711553137591e-02
3.137565146961460161e-02
2.420245063865941390e-02
2.155929027558521269e-02
6.362024393243444209e-02
2.958231094253102253e-02
1.769834470284210523e-02
4.840948444208306028e-02
1.811143455372348637e-02
2.392751142430407305e-02
2.323492120525079765e-02
3.809269927510876980e-02
3.478677640444125668e-02
3.044852764727189187e-02
2.565573746328308688e-02
3.748474834909768655e-02
2.857116147972054571e-02
2.428749695603705031e-02
3.750128393919943681e-02
3.570318552591114636e-02
7.068450776620280318e-02
3.375792702580682203e-02
6.027666267875845391e-02
1.910519984915965905e-02
2.271099325740187982e-02
1.996710122553738143e-02
5.613586046505021632e-02
5.138948254338837618e-02
3.627939197177000585e-02
2.366995564329774440e-02
2.347529209673416065e-02
2.396372601671007199e-02
2.795125934069987370e-02
2.851406250686497681e-02
4.814891067158783705e-02
4.230892696880939746e-02
3.362975649465895639e-02
4.715683742667611117e-02
1.877277064620858776e-02
3.298240673612933688e-02
4.461673537976715981e-02
4.805507867723315951e-02
1.918581491769358674e-02
5.626533529464761152e-02
3.462890466439069725e-02
2.821379162743053309e-02
2.402855934987938036e-02
4.864840693539963096e-02
4.013003239213658313e-02
4.056325900248999861e-02
2.152103225529886782e-02
2.260983925738655267e-02
3.589643673954287517e-02
7.687491225278977880e-02
3.727331971776347980e-02
4.851773745254246012e-02
2.797231528832300543e-02
3.203355940754242653e-02
2.077499154497829126e-02
2.640190289432224266e-02
3.467490441718722866e-02
3.286116967339559880e-02
4.040882714803514797e-02
2.752164289972648670e-02
2.308052265264081207e-02
3.836411034386697644e-02
3.228067578354931744e-02
3.762897305695174499e-02
2.963694310589458022e-02
3.647088569571391159e-02
5.889081363100777400e-02
4.834286598929364576e-02
1.581752617620677676e-02
2.868222943354387794e-02
5.998466671614727935e-02
4.289759859800469644e-02
3.082221706827522473e-02
4.023820972929950668e-02
3.099794024776876197e-02
5.143263407878985449e-02
2.533975218882236410e-02
1.899231412777229247e-02
2.186670912576109405e-02
3.074964602558332566e-02
3.345089497234061959e-02
4.473262846317772184e-02
7.548230852479946573e-02
3.036314136954700385e-02
1.963181019376393152e-02
2.862686222690079274e-02
2.979369458783248312e-02
2.280235553155795028e-02
2.714593029574688746e-02
3.208360252362660314e-02
4.547586626675367838e-02
6.358408954909569588e-02
2.486014225923999926e-02
6.319157052689960974e-02
1.779296492910550226e-02
3.657163153986525694e-02
4.790941390887089313e-02
6.203813108394230086e-02
4.651561325985681394e-02
5.700088499700724232e-02
3.663152712945901002e-02
2.833249135423659623e-02
3.900886158027769973e-02
4.795870417405738440e-02
3.153907788896950781e-02
4.198341538020278901e-02
4.858106444013624708e-02
3.363317828555392741e-02
3.493640599073492836e-02
2.466736606874300047e-02
2.201555742888710795e-02
3.944296605820075963e-02
5.329990585011310650e-02
4.268282868978601208e-02
3.892705084650129044e-02
2.833681788719869324e-02
2.797032515057341906e-02
5.283673485292609412e-02
3.329592618718844182e-02
6.394097706566420625e-02
5.601849229636814143e-02
2.335443871828816673e-02
1.992319267957405604e-02
6.083625669257741037e-02
7.100129458625381584e-02
3.358982166749720222e-02
2.308269156341187164e-02
3.321433737691687621e-02
6.337358753885642682e-02
3.620302932992768702e-02
5.201052764956166918e-02
3.252345195922821952e-02
6.909775432105934312e-02
6.868827018284819064e-02
6.173207866224682261e-02
4.232375381153071631e-02
3.648043431756717303e-02
2.119171117285013548e-02
3.559355523909699115e-02
2.676589749002495494e-02
3.271242924122170354e-02
3.205504461307215336e-02
4.917557976742560621e-02
4.419588343426668342e-02
3.025575020949559241e-02
5.926537736680322077e-02
4.623568590734614125e-02
6.726932776812384607e-02
2.115085745729445438e-02
2.937366523706181481e-02
5.219659542644949218e-02
3.372416561980303568e-02
2.637742477385446663e-02
1.791193895863438246e-02
4.643461729101373836e-02
2.561863105347421746e-02
4.068337569322714314e-02
3.673953241388472346e-02
4.235875539275996138e-02
3.454555275943128889e-02
3.962625864655319741e-02
4.185407369246795656e-02
2.819284020716381067e-02
2.171966309702385786e-02
3.465525165168158866e-02
3.092181699531168157e-02
2.902250745696096854e-02
4.144244947812580210e-02
2.774221988728878263e-02
3.232164376722075627e-02
3.035397851767065655e-02
2.734322613091911755e-02
3.804473125237278069e-02
2.764343826724608918e-02
2.224998453706268989e-02
3.753383984656113309e-02
5.410591637678256738e-02
2.066038562934379916e-02
3.223642199971959998e-02
2.517005813220733051e-02
6.199681269660046318e-02
2.477861634513880973e-02
5.398546878653996683e-02
3.316809780970444294e-02
