7.306638926289210634e-02
7.679762320556909883e-02
7.929949488774923338e-02
9.455230985099091767e-02
9.860607376024836668e-02
4.402701009011845967e-02
8.946863876178354213e-02
1.513535097902778404e-01
1.485432716079431725e-01
8.077464793074122518e-02
8.585799442654003244e-02
6.646169728959855361e-02
1.152714258446670970e-01
7.715855750751830777e-02
1.070793770068116796e-01
9.390111096528423740e-02
6.415891564055292706e-02
1.314561188687874138e-01
9.302128728919653589e-02
6.221563756721612548e-02
5.400882863054292521e-02
6.006532760387266884e-02
8.323241538423845065e-02
8.237571349863562209e-02
5.588031886804172010e-02
6.447678657593100549e-02
6.399461951216622868e-02
6.566513427540859871e-02
5.929004010965811117e-02
9.310424302906508687e-02
7.594740975139362138e-02
8.809662789177725994e-02
6.860973783805829340e-02
9.253614564507726958e-02
5.611224514284238879e-02
7.449159068580422927e-02
4.854945235582798502e-02
4.694745894660348057e-02
1.478507366547967272e-01
9.700189325564688436e-02
8.509511337959628496e-02
9.352821880704630109e-02
6.427997934840067040e-02
4.638130419803952048e-02
7.981387718474330928e-02
5.972295625477049702e-02
1.393174849911719693e-01
9.761627944352058162e-02
9.981538117441070279e-02
7.901697233375785945e-02
4.212194123826556308e-02
1.134087393963049972e-01
2.153852040346692365e-01
6.200894422937337086e-02
4.567424789229036775e-02
1.501435496422308113e-01
4.341108412591471177e-02
6.757821755844087286e-02
7.038544427436807527e-02
4.955210578703249380e-02
6.806644004775519452e-02
9.054969727744688335e-02
2.119918028945441957e-01
6.450131435912823119e-02
7.158830144403827145e-02
8.452596787195872097e-02
7.222244088258156225e-02
6.145154439047609274e-02
7.049084701629604321e-02
8.150563245133188306e-02
9.506037158391134057e-02
5.444301715517568113e-02
6.914764113305429949e-02
2.246086893551919039e-01
9.877622347315800910e-02
1.018739378338051199e-01
3.311973202936511346e-02
7.860854347623952298e-02
1.333153923254924156e-01
1.060509852192216274e-01
5.971548177080106962e-02
5.266332891578035663e-02
5.070879680890753860e-02
1.349353431939770420e-01
8.038443172342786547e-02
7.061905928110528974e-02
1.222301688200029407e-01
1.691836520818029155e-01
9.842669894812938747e-02
1.200697743203444912e-01
9.840576943485618289e-02
8.433225806908836719e-02
1.234084070442679065e-01
8.791963581355900781e-02
6.283466105701784876e-02
4.629437702091907664e-02
5.026583482439309775e-02
1.433237977090485726e-01
6.442818166701716476e-02
4.268623485265483214e-02
6.557327644661804789e-02
4.968966290111195144e-02
5.495596435415783798e-02
2.172509234630270458e-01
5.786299143897365160e-02
9.516577528249266227e-02
3.466057292201280698e-02
7.677630230012823243e-02
7.866216245856734457e-02
3.370388784168678459e-02
9.193441582724944106e-02
9.574654547933474091e-02
8.318237505867004389e-02
7.399821216426864801e-02
1.046031581838270524e-01
1.197327719404995688e-01
8.970996096396134656e-02
8.782859692167489796e-02
1.111700537432285252e-01
5.222722066338401220e-02
5.106781742755841375e-02
6.754361388824522971e-02
4.220706123100929213e-02
1.389998630198912288e-01
9.278593642968854804e-02
7.956555976207145553e-02
4.100249054386205516e-02
5.646290277280958253e-02
7.651707789489503586e-02
9.116175198402060031e-02
8.541897492302596984e-02
6.908222319297201153e-02
4.750470369616804911e-02
7.997453820167937932e-02
6.133113024437715499e-02
7.921635403245522178e-02
1.016070918839023646e-01
2.236915315926465975e-01
1.134796472116624683e-01
7.932538784801879128e-02
8.917160499223104886e-02
7.055827825347774085e-02
7.414670420803025352e-02
1.074429106700739572e-01
4.829831853422044546e-02
1.204759406899501839e-01
6.840451031928088121e-02
8.302282369994021249e-02
8.306251482934587371e-02
1.184557492287246494e-01
5.223946612883561408e-02
1.058151268778851350e-01
1.102916256952506391e-01
3.657495825002730905e-02
6.104838778147208406e-02
1.247761732848763072e-01
7.638895040014100080e-02
6.699313761272716883e-02
6.733103814488171357e-02
1.253594558158695749e-01
7.941442722613822891e-02
8.170058913831788894e-02
7.823462131110360540e-02
5.757804202068635135e-02
6.220246038371371466e-02
8.481402904415662192e-02
1.329066638669230971e-01
2.747108647685282956e-01
7.864687837074514631e-02
8.864018993408565028e-02
4.762970924063615608e-02
8.624141283748630593e-02
6.107916075935417716e-02
1.230615827726206368e-01
8.064534566951249428e-02
1.482670446266518838e-01
5.102618787927065691e-02
7.085451998403347051e-02
1.117310459247064791e-01
8.716777692924544685e-02
6.405283043086072714e-02
1.197806278067829744e-01
9.782087852681466134e-02
6.608630075752053301e-02
9.979388090328222827e-02
4.900929598534726345e-02
5.694540470928897979e-02
6.870720936240209964e-02
1.123692516687173903e-01
9.291028358826410039e-02
1.086542235751116747e-01
1.198681045492326486e-01
4.881373676524757704e-02
9.354030280642283701e-02
3.337925605074589658e-02
6.255958503356616462e-02
1.058463583593040602e-01
8.346475994002539034e-02
6.580705324616258067e-02
1.039199247699759826e-01
4.504397688473002481e-02
9.211393239099710528e-02
1.132187014916472417e-01
1.244847710217464459e-01
6.905437604889491654e-02
9.348151370305124441e-02
1.060750151239996802e-01
5.638776759149126405e-02
5.548187982608505237e-02
3.154291252007754981e-02
7.571290441682931860e-02
1.120715036773216183e-01
8.184214076563807450e-02
6.094201645851313187e-02
7.920742623957717499e-02
6.572888242512649193e-02
2.736537513376644665e-02
8.861119524554955662e-02
1.606327268188235680e-01
7.940177574244350334e-02
7.020041817123323646e-02
5.980790102919316537e-02
7.293051747947469632e-02
7.172574810499325604e-02
9.472544555802007993e-02
1.208195703514638591e-01
1.079419659559208433e-01
6.145429175642516673e-02
1.161623418546649245e-01
1.296552148011971273e-01
2.396135901192364415e-01
6.223443878738559726e-02
4.850431521868293905e-02
1.125149540951303762e-01
7.071656803385134582e-02
6.870824944949510682e-02
3.911432608873687683e-02
1.063914211754636852e-01
1.078685066444880214e-01
1.034006725122355030e-01
8.738205931523131131e-02
5.070000359077098118e-02
7.038660213911225594e-02
5.732077161874451349e-02
1.051000170232273545e-01
4.908330626567076332e-02
9.573435935985871725e-02
7.730065988190798487e-02
6.077396976710264243e-02
5.300487887554196365e-02
8.037195768803093165e-02
1.053322866202036634e-01
5.915762627959564313e-02
7.326719186476517154e-02
4.520193976211148851e-02
1.003878396443658727e-01
1.168795473502011739e-01
4.471790467585325113e-02
5.305817401130993177e-02
6.359069688360124983e-02
8.844093499794518365e-02
1.814982564998977588e-01
1.958001395841171832e-01
9.107568897923017104e-02
7.385096448491396126e-02
5.515456751836638610e-02
5.728666875126024738e-02
7.309638133065782251e-02
7.537424891529337367e-02
1.375369966863323745e-01
7.357368262938404624e-02
3.995749408251285384e-02
7.634670296965466452e-02
6.506234563581615726e-02
1.061123898464852722e-01
9.969162833859296358e-02
1.577201518269966962e-01
5.364878983942679425e-02
6.290328638069654643e-02
1.294345882438664164e-01
1.245665111482772980e-01
9.244375985321641453e-02
7.875397487993640588e-02
2.016298471009903281e-01
1.464011192802871231e-01
1.222979371258374054e-01
6.285893465485710430e-02
8.027324260772121522e-02
1.127216339907128467e-01
4.905268302357091575e-02
6.402236544409223296e-02
9.308562152966409764e-02
4.663058067189468359e-02
1.071818988042163995e-01
7.974324809236169043e-02
5.814695413462214052e-02
6.449667234583887632e-02
9.510717290037207228e-02
1.407270487985984864e-01
9.294707750168040850e-02
7.630851545470296315e-02
8.397734934160466791e-02
5.309100378949400262e-02
8.112454000836853696e-02
1.052228773363717146e-01
1.180691060199483833e-01
7.519697994169892430e-02
5.804450892851418381e-02
8.368342338746088960e-02
1.106779248509197344e-01
9.877278360899184595e-02
8.091635268738013587e-02
7.527961813457860474e-02
6.871763875660460985e-02
5.673146651881084274e-02
1.268277194152741261e-01
1.090558278680894971e-01
4.127262280627877478e-02
5.409189209561700296e-02
5.794504141069715258e-02
8.873067699288827992e-02
2.004669648676529470e-01
7.869122401847954140e-02
5.146343984183376907e-02
4.182128746640764033e-02
1.534540174821141245e-01
7.128058529233254059e-02
5.395709352161668498e-02
5.768519756326011966e-02
5.847871540869784696e-02
1.320216863065730439e-01
9.551011100658950148e-02
8.612894892163130978e-02
8.066284197639568554e-02
9.763677217268111608e-02
3.805821366165804132e-02
1.524408370041532845e-01
1.146446338867416204e-01
7.554433042971027412e-02
1.168553603439113353e-01
6.168095888321562664e-02
8.601610352288556471e-02
6.554141140251898423e-02
1.240175588945523211e-01
1.786904050024638035e-01
7.063543581535522420e-02
1.147503221358527614e-01
5.912855698539622867e-02
1.637638578933811317e-01
8.287355838669595298e-02
9.263189069205858550e-02
5.328846115533818206e-02
8.693260801982538588e-02
1.621276296916317194e-01
7.239434413774641086e-02
1.030410683558019291e-01
3.877595855966871341e-02
8.349157961374285841e-02
6.387392566198574206e-02
4.916816468852069216e-02
5.495927856877944051e-02
5.646093418550236082e-02
1.160917444650424180e-01
7.639775955411774733e-02
7.541522645209919329e-02
1.283229879671822782e-01
8.100185691021340173e-02
1.255596527030789500e-01
5.686033729922747998e-02
4.489048236443136941e-02
6.777420125515656868e-02
4.582792732919763190e-02
7.711341586195362419e-02
1.077222026429739410e-01
9.228085379930565935e-02
3.622679448467031743e-02
1.358597607473454594e-01
7.831797672867366056e-02
1.034231015834590067e-01
5.604558449045500546e-02
1.003823657083112719e-01
6.015917584526064843e-02
4.834173475129886072e-02
6.701929676569086392e-02
1.446902371727579739e-01
9.572617062892778417e-02
7.272815587529164738e-02
1.057397224428566346e-01
1.312667486699785058e-01
1.111971315042362407e-01
7.214447219941498568e-02
9.348029960498419055e-02
1.809781679963236023e-01
5.032011795505841878e-02
1.216094742078737828e-01
8.906615912011543734e-02
7.576752174191141165e-02
1.064014706092834550e-01
3.636388848976224164e-02
9.879193413694230264e-02
1.182936008518993970e-01
1.376665238390494539e-01
1.220178607633999601e-01
5.185379456954727906e-02
9.349814278103481258e-02
6.820467938670801700e-02
7.813835229566772067e-02
9.897354566836624734e-02
5.783694711160804885e-02
1.106682005239054134e-01
8.604459211549191078e-02
1.558762776788169546e-01
7.238656899388096200e-02
6.509075028201734281e-02
5.333324937814821337e-02
1.166692289028791601e-01
5.931055069994496665e-02
3.281734171582884052e-02
8.268827507783940711e-02
3.870958157246640052e-02
4.971484888462206209e-02
3.908292732145073056e-02
8.224337034517449629e-02
8.265697312164517474e-02
9.102960409298689604e-02
5.383912712175158849e-02
9.855840956464059777e-02
8.488419193396849749e-02
5.286711291563468695e-02
7.825865131352328918e-02
6.715599463022361992e-02
1.081515907688879313e-01
7.621859481080386911e-02
1.260193125757346211e-01
4.408264001430987206e-02
5.900883536672802548e-02
5.018407865468992729e-02
1.062598570141639609e-01
1.416066073728206032e-01
7.167619094076627118e-02
4.315080225341981490e-02
4.517583474310469388e-02
5.168879147364046495e-02
8.261373117995497728e-02
6.451102541076639274e-02
1.012781603099734556e-01
8.936566452555746998e-02
7.928074411125818344e-02
8.961259860786942311e-02
7.651218578378651825e-02
8.197215815964022101e-02
1.078342389143374797e-01
8.919760556709868671e-02
5.081531681670466843e-02
1.302150846303662679e-01
6.901265202705253454e-02
6.556936671090476954e-02
4.106516189835182629e-02
1.621292410304866483e-01
1.214627976280856225e-01
1.157486103786226767e-01
7.771853973359063583e-02
6.345727440223553062e-02
8.225267682769700495e-02
2.298544251315985942e-01
5.904842070094316886e-02
8.192001659432107674e-02
4.836271572922640899e-02
6.723094177161217933e-02
4.854471554493850621e-02
9.149937621887588302e-02
9.510822304820927553e-02
8.416207103666487055e-02
8.883090578662879155e-02
6.050441111773437186e-02
3.881276522034471377e-02
8.233672485743680214e-02
5.918006219396662604e-02
8.538416160726938764e-02
1.022012258317205186e-01
1.011287443819827297e-01
1.149844007911984128e-01
7.256390591290784453e-02
3.297948551456960503e-02
5.297082122496633849e-02
1.104630206830432976e-01
1.055112788037811111e-01
6.847347701270514730e-02
9.909130933128082463e-02
5.860451987902046828e-02
9.275902573273066276e-02
4.498640426955027860e-02
3.053729292795961947e-02
4.682895674037663991e-02
7.393983674474324808e-02
7.513341824307324945e-02
1.290734066164186400e-01
1.369111972884536343e-01
5.852318888812304415e-02
3.824824268124937809e-02
6.136649281597201383e-02
8.352915324778634187e-02
5.624417691960567622e-02
6.226774788973921809e-02
8.965804075187493172e-02
8.760759315438429451e-02
1.088954234557231865e-01
3.794377971597506782e-02
1.175219310818160917e-01
3.865517035799544837e-02
1.128983206432447595e-01
1.131863626515981075e-01
1.092832302064525446e-01
1.008465153102355572e-01
1.817099694535650456e-01
6.997919981053531135e-02
5.515345633918359441e-02
7.856597140259800882e-02
8.604507464885410850e-02
4.777423865392448066e-02
9.713311380000631823e-02
1.179383595391155781e-01
7.863481184646996247e-02
8.070639112825177264e-02
4.648347667961597734e-02
5.227940346069375604e-02
1.118097152063062816e-01
1.094490744169707847e-01
1.164635528866427849e-01
1.025455554032298350e-01
8.039568275463621072e-02
7.841427553560828545e-02
9.415602468943116976e-02
9.494209331073388825e-02
1.714808526017303214e-01
1.218963740217039876e-01
6.600032452134614591e-02
3.990287351559008988e-02
1.097847690524920150e-01
1.764021804545001515e-01
9.590133258132589600e-02
5.245168056242408700e-02
6.116772668089987680e-02
1.917650004933195429e-01
6.963581038996628780e-02
1.747887362224942454e-01
7.794051874158294813e-02
2.029908199793794554e-01
1.355896271946173959e-01
1.212577262365664849e-01
7.632214090189110012e-02
9.521459273809890211e-02
6.549062133812452724e-02
7.049011993852392910e-02
7.300228429603397573e-02
7.167257938405897921e-02
1.114814990360782493e-01
1.438907683289511741e-01
8.331084571325789168e-02
6.581472297988058551e-02
1.203031312424402144e-01
1.010298350665300160e-01
1.089924124566468977e-01
3.254366031199390497e-02
6.068424923625043849e-02
1.046619675839845220e-01
6.612796732636837260e-02
4.928136540250307313e-02
4.517526300946121676e-02
1.235584226802681346e-01
6.610023720556730542e-02
1.080574118480983753e-01
7.135915108942293694e-02
1.190223505323595998e-01
7.966150526196122406e-02
1.191422884342721034e-01
1.056723281890953742e-01
5.036401904332082902e-02
4.966665902345237388e-02
9.014454227864200642e-02
5.525632469586484741e-02
7.358685017536061024e-02
5.945531910948457371e-02
7.901330078573479132e-02
9.301646831592386144e-02
8.271086457059365071e-02
5.805903728079903764e-02
8.700011758022105357e-02
7.582112374299573854e-02
3.723898584458786715e-02
1.043829212864500616e-01
1.162819716933750774e-01
4.014577815359977181e-02
6.001852261552690498e-02
6.845611023923764415e-02
1.055305289218488318e-01
5.434000365677790073e-02
1.204318147436236330e-01
1.103490295585400627e-01
