3.620753258280340336e-02
4.634170006143887438e-02
3.612479646012539680e-02
4.087594411133919220e-02
3.175189624298149077e-02
2.098651274526705524e-02
3.635664385775405627e-02
6.515271157410690295e-02
6.107643787795246498e-02
4.909584532806485213e-02
3.809498321118576225e-02
4.136449983832377747e-02
6.803747444944512057e-02
3.198781022408000996e-02
4.903321607688213707e-02
7.328533561687221309e-02
4.471865926197982066e-02
5.883838317370296972e-02
4.471985806382018647e-02
3.034578330950076300e-02
3.611888896952529515e-02
2.009955324771477841e-02
3.421883579231788791e-02
4.172854630947744198e-02
2.508875107007047661e-02
5.065468467904279959e-02
5.998705508577813900e-02
3.229488882900716229e-02
3.496482902302647244e-02
4.335918384133791159e-02
3.487633108330748244e-02
4.135534736221262164e-02
5.043027937004994354e-02
4.176271854873400691e-02
2.453206866433657596e-02
2.883472019371006653e-02
2.106022354234106039e-02
3.190892525503731536e-02
5.969847871047205545e-02
3.894407676697089760e-02
4.264190669844276915e-02
4.482791710649031147e-02
2.408318874802829399e-02
2.783068240574433638e-02
3.459543839753145833e-02
3.160595010826249690e-02
7.644678797308655793e-02
4.536728971528977000e-02
3.413564163802990103e-02
3.819316137002322364e-02
2.623132905964188286e-02
6.671343449873669285e-02
7.122126230872478925e-02
2.649218300978063365e-02
2.669045092631013374e-02
5.357448723928230627e-02
2.564008642046636949e-02
3.081519165594040835e-02
4.445007062740254783e-02
2.744881517034506932e-02
2.773565392849607764e-02
5.862103235336997564e-02
8.949021030748108285e-02
3.448721168050251917e-02
4.761337738877143705e-02
4.777965265846005616e-02
4.076310092528635798e-02
3.965595635558764875e-02
3.105083687403653592e-02
4.447332655056109030e-02
4.498573895122733729e-02
2.775724123851484870e-02
3.632034451210985199e-02
6.918931347491091843e-02
5.450419918938583658e-02
6.358019783606531916e-02
2.318205561840513615e-02
4.715578308045856315e-02
7.042145813356943951e-02
5.055880586686186534e-02
1.944836530871044827e-02
4.054236190945956220e-02
2.612494570945692388e-02
5.886603067407789741e-02
4.550841492709638975e-02
3.826283735478755443e-02
6.567761634954678851e-02
9.777069782391153985e-02
4.696795291993829252e-02
7.017597726309122985e-02
2.628630066937999096e-02
5.199884966130539216e-02
4.912864823352505739e-02
4.907127078601478815e-02
3.297333442296367101e-02
2.973930861069852202e-02
2.572982560867434487e-02
5.307521036340252102e-02
3.652733850177562053e-02
2.707572780251877101e-02
3.555053581355396841e-02
2.742757012860090604e-02
2.290010727496048434e-02
9.300271084728679860e-02
3.454987292306962998e-02
4.996079142041614379e-02
2.558760758665276983e-02
2.851216780643752585e-02
3.563658565133788481e-02
2.540024788461092697e-02
4.079245421685818301e-02
3.858981781665534599e-02
2.813013949204885844e-02
2.829652496376966128e-02
4.426992868830662009e-02
4.875794244328032767e-02
5.736878160568189416e-02
3.077228863888764251e-02
7.096020817237616574e-02
2.531576082283222909e-02
3.163313839525567356e-02
3.435805057769963922e-02
1.843234121621673688e-02
5.324196753190799797e-02
3.752712395735122858e-02
4.680293034652255324e-02
2.150288433288764442e-02
3.684935208548912461e-02
4.918483578954767343e-02
5.203999064611374015e-02
2.884371303149840804e-02
2.722856238253195879e-02
3.692321552639134252e-02
3.092643108824486703e-02
2.901417362879693887e-02
4.279797224128804867e-02
3.943651617856382130e-02
7.677940295676996540e-02
4.647180821362152658e-02
3.443806722742572685e-02
5.252838100007591743e-02
3.041196362765329758e-02
3.683203557702318526e-02
5.766577361422595832e-02
2.913277983108137834e-02
7.755132881931912914e-02
4.316288344987815467e-02
5.285001472846885540e-02
4.655901302786095292e-02
5.923427291790992616e-02
1.656239267035967966e-02
4.814914723825447496e-02
5.427896450984608101e-02
1.796886752070119345e-02
3.387753073644039770e-02
4.769498632233021285e-02
4.802711560748098435e-02
3.695952439509508913e-02
3.271068580785812391e-02
6.047389011540811599e-02
4.496049900299080998e-02
3.592912332525948632e-02
3.189305638755002975e-02
3.099311221987920834e-02
3.527931143848411777e-02
4.883441327081596700e-02
6.561046348799956518e-02
6.824322356970707881e-02
3.836043567726196007e-02
5.053725723774050993e-02
2.749869005307492564e-02
3.404099114066175963e-02
3.173150633998429032e-02
4.192487384023068503e-02
4.718281418435669311e-02
5.278768668996813851e-02
3.183449721200160704e-02
3.455495022525607168e-02
4.791499038403945754e-02
5.664092393413018567e-02
3.513093701471626390e-02
5.746871253628757503e-02
6.487083617437024163e-02
3.595176805817201088e-02
3.772598097212472718e-02
2.906141080408829527e-02
2.776725605376532263e-02
2.747324835334772827e-02
4.689392229998683159e-02
5.051520417069523677e-02
4.998246577390903778e-02
5.692886473400270847e-02
2.792973744498363983e-02
4.151060034063632637e-02
1.920289579729735768e-02
3.274741868093236641e-02
4.497163772917864288e-02
3.681225505502793566e-02
3.283550677970811099e-02
5.590563236087105203e-02
2.461149594288341083e-02
5.303149730893209901e-02
4.092238358584571883e-02
5.842442665124333162e-02
3.438393524454134986e-02
3.758017226372763198e-02
4.687738434810362342e-02
3.700797470324192900e-02
2.936476320560249542e-02
2.273248813511334621e-02
4.975789265083375296e-02
3.839872068131415517e-02
6.535223919377505797e-02
3.300504878999784703e-02
4.005529720506560698e-02
2.871052543010809907e-02
1.620287254891537854e-02
5.353860295178301809e-02
8.009106130738208318e-02
4.048855954367971965e-02
3.412843571959971178e-02
2.308372890047234727e-02
3.343983554688289422e-02
3.893478780629185121e-02
3.705532314162258978e-02
4.733477928826167885e-02
4.374150136699914843e-02
3.834731175352639604e-02
4.652068973437634841e-02
4.938184011356506337e-02
8.647625524487721760e-02
3.707623823455936246e-02
2.277842963833217466e-02
5.437005797014116820e-02
4.220773027357732632e-02
4.154037498911749421e-02
2.556063324781147894e-02
4.258467237596782334e-02
4.937972537994771149e-02
4.922300292616986483e-02
5.239497078771809119e-02
2.253993468170187309e-02
4.519057151176338050e-02
3.338016689700788742e-02
4.908746314004350936e-02
2.761358322569566412e-02
3.561180846050219367e-02
4.875181358108235385e-02
3.353471958456839125e-02
3.340495515262595361e-02
3.972931678312038167e-02
4.225398256623047466e-02
2.168021917627318412e-02
3.178787330104364955e-02
2.556444766944062155e-02
4.235377043497350058e-02
6.456044152894915844e-02
1.938642325455745483e-02
2.888636615574492750e-02
3.285830908188856064e-02
5.644303594774355282e-02
8.265250268000408351e-02
8.446605200340265296e-02
4.789779830066567129e-02
3.982730834059001329e-02
3.376136151333764684e-02
2.891715180527733645e-02
2.638074502532893745e-02
4.749033463743325412e-02
4.379791183128690230e-02
3.425431128363250893e-02
2.062607699376976453e-02
3.197962957412769230e-02
4.144719504184381231e-02
3.997968929436195723e-02
4.280952468769030905e-02
6.461135828028502504e-02
3.208202143988277133e-02
2.964985790233625948e-02
3.534532487275007795e-02
4.814219744485744717e-02
5.526708606614977315e-02
3.617954991320092295e-02
1.047157685395247589e-01
7.876147996035988419e-02
6.391938330948541969e-02
3.682062567180953427e-02
4.807051103583830781e-02
4.841497328116127485e-02
2.317838741624716689e-02
3.443135743025722839e-02
3.350482213554836775e-02
2.676404713443590253e-02
5.839701029085872519e-02
3.985455062351286881e-02
2.455196404135313870e-02
3.744903182335353187e-02
5.939156769918109424e-02
4.194521756752797592e-02
6.644814969987680731e-02
3.335235827357377336e-02
4.649881603710154243e-02
3.109327095741265534e-02
3.138220074829971978e-02
6.109450509002432167e-02
5.915348136896919629e-02
4.696662357520346026e-02
2.504049969218571925e-02
5.527118348425920369e-02
6.607774286999580637e-02
5.471525567543556595e-02
4.271927943233663760e-02
3.699102094790181899e-02
3.266729369185462917e-02
2.622872496483270865e-02
4.518848300191385947e-02
6.816570051514053707e-02
3.182467234714138338e-02
2.244209928747209828e-02
2.260273646073831383e-02
4.913655670935229008e-02
1.126453374744503660e-01
3.545378756992685620e-02
2.075524378949579127e-02
2.782923356611060467e-02
6.846887187563173438e-02
4.408816523990727321e-02
3.359896235794204711e-02
3.604445515855701776e-02
2.786627441082707018e-02
5.580087438461257821e-02
3.765730858721956509e-02
4.840330348702347879e-02
5.156410078162935312e-02
3.574721389373498870e-02
2.245973128090555243e-02
5.094401724234845497e-02
4.545743801303730319e-02
3.302667945849090819e-02
4.396612134371428310e-02
2.500921912990052703e-02
3.574333356659653571e-02
3.581123237466264653e-02
8.104910671222756435e-02
1.112191380702405030e-01
2.344801289232933961e-02
5.652482373948652244e-02
3.166339545383537596e-02
6.613649728936482619e-02
3.595415896160736313e-02
5.174682303987787613e-02
3.456248818997814665e-02
2.685469453383025618e-02
9.096190766486619839e-02
4.629775323827731159e-02
4.457178004128958121e-02
2.021151609384415002e-02
3.234851899088573429e-02
3.562806374860233438e-02
3.673058368186035011e-02
3.203763274009661238e-02
2.784422875701287117e-02
4.791705177921994768e-02
3.831000993979894603e-02
4.140096184585820294e-02
7.242785985526024872e-02
3.343945149518137011e-02
5.041794853315431646e-02
3.661824961340277157e-02
2.247831053948051716e-02
3.652945487010973713e-02
2.193653146694465872e-02
5.291368751944448140e-02
5.804452491980945095e-02
5.948928679200557457e-02
2.315607245762938207e-02
7.629803534647694452e-02
5.570829837001371743e-02
3.974289934985650308e-02
3.575678466753958590e-02
4.850656992936289158e-02
3.257520500936002955e-02
2.630610873924963192e-02
3.670469313370686854e-02
1.021441015549389986e-01
4.581298928432685907e-02
4.106348339751122317e-02
5.560613373788811375e-02
6.367844130568274530e-02
4.883820046109661750e-02
4.039287946191903039e-02
7.608384451022465189e-02
8.217926814645040712e-02
2.488012206426110443e-02
5.830385117338317269e-02
4.720693316191030414e-02
6.029700106164028600e-02
3.677716726990406387e-02
2.016646036690307800e-02
3.090962396470956289e-02
5.146938708258370215e-02
7.795424868640618565e-02
5.944000503227746257e-02
2.559685785252288279e-02
4.287803078991995337e-02
3.588803839761896958e-02
4.529833513432222208e-02
6.044601741941540290e-02
3.557669309012678055e-02
5.593118229046128292e-02
4.118808993785259831e-02
7.431797705282808253e-02
4.234210087272771705e-02
2.776936922834611493e-02
2.977480585890120851e-02
7.515790486129944603e-02
3.317297850002968312e-02
1.800342734268453940e-02
5.844149962531921400e-02
1.964607289570750870e-02
2.814038058584856020e-02
2.151618298391469453e-02
3.713836183266349539e-02
3.983156939853314815e-02
3.466866047872653456e-02
2.487896891014425987e-02
3.637012884543391888e-02
4.002292251335667211e-02
2.637546187994143157e-02
4.849218016926992031e-02
3.809420310519669173e-02
9.121922806183760390e-02
4.206489019314029604e-02
5.922332977597457443e-02
2.284831037675099860e-02
2.790488978376280682e-02
2.028920262233884636e-02
7.672789809486739443e-02
4.996111071307880042e-02
4.853252043967688778e-02
2.641269835847659397e-02
3.065363142639008012e-02
2.907446593830820963e-02
3.287095207853032303e-02
2.745463311125992401e-02
5.278697873467266127e-02
4.685417942558992715e-02
3.487001524623421084e-02
5.656815373185148516e-02
2.297586517283504992e-02
3.859725440342584579e-02
4.768790257271098010e-02
5.373506434052452430e-02
2.336331993117218842e-02
7.038660511701332057e-02
4.128788913975872665e-02
3.321139739893453485e-02
2.478917292420935656e-02
5.645913434799815223e-02
4.343813677126972389e-02
4.023816324996671440e-02
2.498593605679787916e-02
2.623033140256684700e-02
3.963053712563255337e-02
7.246078326573106299e-02
4.257826679466424763e-02
5.514949676410461910e-02
3.080136672287591554e-02
3.682580309059771406e-02
2.190131851086770179e-02
3.088254127802011334e-02
4.006823343409596228e-02
3.664198306811933953e-02
4.467476402191043749e-02
3.388555375217268406e-02
2.434753766844411846e-02
3.955618746090085180e-02
3.334356465758549909e-02
4.202532056624637413e-02
3.337848840803309819e-02
5.356749355813707897e-02
6.219370728315245372e-02
4.371960788077008248e-02
1.956252012636795767e-02
3.129378790529733362e-02
5.321796254145867711e-02
5.462156558557625108e-02
3.826164838661172407e-02
3.915126354308417350e-02
3.571867908932875590e-02
5.356372919799828186e-02
2.866213557205086679e-02
1.885762225960202140e-02
2.306007775825558159e-02
4.030531235705249460e-02
3.819320400875880761e-02
4.899600908180503506e-02
9.206357906117197676e-02
3.480175040640900302e-02
2.506002657410749332e-02
3.106772949715850760e-02
3.781692030133388532e-02
2.516594410555418951e-02
2.650819100595388708e-02
3.623965497235583783e-02
5.595598974207415671e-02
6.074189069115735334e-02
2.758076454740329350e-02
7.226625436551441239e-02
1.851884496446212086e-02
4.252127434193469363e-02
5.777723051508797114e-02
4.997950696783456936e-02
4.836198683401926601e-02
6.807986402764822087e-02
3.923036455167463327e-02
2.961544756263010184e-02
4.646181111759752763e-02
5.436511390748219319e-02
3.525992556577652731e-02
3.932393651970655934e-02
4.410600954427621595e-02
3.668873580357238234e-02
2.941519147084908220e-02
2.640616638395775623e-02
2.110725726377588041e-02
4.428128674219459354e-02
5.964079497073105501e-02
4.629019972321357645e-02
4.227775591140291861e-02
2.997566201167659733e-02
3.112529230053112661e-02
6.396119574225353488e-02
3.589757033258482444e-02
8.130178428555165371e-02
6.041421245846324145e-02
2.639368088672253837e-02
2.413913044874819308e-02
6.873877265887018417e-02
6.137287558260954429e-02
3.717314605380964143e-02
2.497342262076555908e-02
3.637652620147480836e-02
9.513964537932710630e-02
3.276383432421996894e-02
5.362541715692102640e-02
3.797809620050097978e-02
8.024567069177473977e-02
7.484700469417766844e-02
7.017485303406971464e-02
4.241811823081346328e-02
4.831279254843614396e-02
2.427356603446867780e-02
3.521491237075007746e-02
3.008730078573283381e-02
4.036978300283789595e-02
4.374082629100511932e-02
5.596084023982000194e-02
4.762822603286609446e-02
3.062221698393788327e-02
6.114689873222902555e-02
4.856779068153280893e-02
7.410784100070953728e-02
2.291343978903668741e-02
3.528499226531506966e-02
5.579142993531879813e-02
4.108676187606654512e-02
3.060237879622993568e-02
1.977795680684425392e-02
4.760328984177882722e-02
2.522934168319031917e-02
4.944745982376939908e-02
4.549745900128014664e-02
4.132923369533163249e-02
4.024986928481046750e-02
3.664525237132087304e-02
4.487072517960429691e-02
2.860978492135449885e-02
2.090110069296484754e-02
3.562613582446581134e-02
3.489849535272505909e-02
2.887455070577671368e-02
4.366356097504878186e-02
2.495077138580265377e-02
4.385709060775214857e-02
3.178808525554867315e-02
2.960359885074487565e-02
3.966258061332990359e-02
2.955260305529668410e-02
2.255455165824717806e-02
4.112242641874654103e-02
7.695667906482006604e-02
2.387524788273174062e-02
3.528076889166857633e-02
2.830775101446404707e-02
6.427094245460757138e-02
2.495887155477927166e-02
6.014100772602962164e-02
3.766425701300322310e-02
