6.306331761856065476e-02
7.104723603799258103e-02
6.944735936787567454e-02
6.631284607051493585e-02
3.645260788824890297e-02
3.070361154740103640e-02
5.204341551589108938e-02
7.343781074166563783e-02
8.857293037595669050e-02
8.162552871260429777e-02
4.904211860237049636e-02
5.049645472023415321e-02
7.315850387115827025e-02
4.174067524615541341e-02
5.279782934752476342e-02
7.585776470610694489e-02
4.444204612749023259e-02
6.381752267386907318e-02
5.825887002859243130e-02
3.510279423200368676e-02
4.048240028649734146e-02
3.016811637111388444e-02
4.216899440024034218e-02
4.353845955750948460e-02
3.663731374113563671e-02
9.002694885569857697e-02
5.950956400602017138e-02
3.938341794079819325e-02
4.424099944119757460e-02
4.593015357014368361e-02
4.595540793131708268e-02
5.478041730800289888e-02
6.465586999463175666e-02
5.545884577895592027e-02
3.915860327379933753e-02
3.902874343199677631e-02
3.086041570030187073e-02
4.625615571713273533e-02
9.640735040786932442e-02
6.588440830282496496e-02
6.235967461506835424e-02
4.638473839513225505e-02
3.451964675566857738e-02
3.254698769385044876e-02
5.060425757509055822e-02
3.816352280575223410e-02
8.272754878073522444e-02
5.480740816771738355e-02
3.721102696150210137e-02
4.390155063818461378e-02
2.858594012537914869e-02
7.479445549674806903e-02
1.007789998730856673e-01
4.132045031143401909e-02
3.337132874377132796e-02
5.950207969830944438e-02
3.524366986773850435e-02
3.916357598449100169e-02
6.650041096906970928e-02
3.920167282766672673e-02
3.329115564826817114e-02
6.811452122782243879e-02
1.588827909300333796e-01
5.175119597949114081e-02
6.140656172266364954e-02
5.287726956037015758e-02
4.691864627255971920e-02
5.843561806941805631e-02
3.759333157237933210e-02
7.064386703128842926e-02
5.904596196368978173e-02
4.267272670023122133e-02
6.480867134800218088e-02
1.287700823727976063e-01
6.682779589501644524e-02
7.934290789891851325e-02
2.705172368904646199e-02
6.714647723835426296e-02
8.636890470354648131e-02
6.600616592140205741e-02
2.866954947229918838e-02
4.778747607201869890e-02
2.988309395411254191e-02
7.562635933863467996e-02
6.332629393513466987e-02
4.900383359800387917e-02
1.138755530744592626e-01
1.138821574846212714e-01
6.106444818829929316e-02
9.273007430993400468e-02
3.297847111073085730e-02
6.724355096079832894e-02
6.082479023601368440e-02
6.931889873212311592e-02
5.535971826335015639e-02
3.071093161331302571e-02
3.722233265418629228e-02
8.750825388862946974e-02
4.869623140794820254e-02
4.438516800214357266e-02
5.711583352017374215e-02
3.865587024116480530e-02
4.125865597781381428e-02
8.456250545440263666e-02
4.068201476527111976e-02
5.228126405535213350e-02
3.531714881576776544e-02
4.115517007749268374e-02
3.958767758323008396e-02
3.137333796472548120e-02
5.128467880516663496e-02
5.082075363112165817e-02
6.310813170024136276e-02
5.750989039085133148e-02
7.256161839588733120e-02
6.116607782273632971e-02
9.469384188818115444e-02
3.752739407008304912e-02
1.047535388222224778e-01
4.126307228427602419e-02
5.490377681075381266e-02
5.272359991885704894e-02
2.328052249309690153e-02
7.023061302164704256e-02
5.763115930275205384e-02
6.949584687475830747e-02
2.931114708461998036e-02
4.808693481260745139e-02
4.859649416880074818e-02
1.327099593452142623e-01
3.153636092981602912e-02
2.842398377652870234e-02
4.454544159627840672e-02
3.753961979207771221e-02
4.825397971178203849e-02
6.904095665352312505e-02
6.036008894042216993e-02
1.040078814414593933e-01
8.652866644820442210e-02
4.500735506899479488e-02
5.213290904069976806e-02
3.166954692877165661e-02
4.793218023499554864e-02
1.052135101323112276e-01
3.897402238949007613e-02
1.409190621759351392e-01
4.515454473612003083e-02
7.152046658212064811e-02
6.392456287300184170e-02
7.239214685865642818e-02
2.446623202750464188e-02
5.319492799348611578e-02
7.459250141965674541e-02
2.671260265131169057e-02
4.375612858488581863e-02
6.749397877262600098e-02
5.905386844090453058e-02
4.900855883226212101e-02
3.419190456442699338e-02
8.325422733494150518e-02
4.846324680172059418e-02
4.515771158633394289e-02
4.037061109048124818e-02
5.086704757149324713e-02
4.111789910080184546e-02
5.537943734523164546e-02
8.146373496110002888e-02
7.815285161949400705e-02
5.232359974732087721e-02
6.244209892234983683e-02
3.534378345648801073e-02
6.199577236586722301e-02
4.883239621705359745e-02
5.867979269419852650e-02
5.507244609481880271e-02
5.926349056483756067e-02
3.611661138426809636e-02
4.994717340671284839e-02
5.646257222108898299e-02
6.712897646101106952e-02
4.155744333140791447e-02
8.866675224315194448e-02
7.056475586329970240e-02
4.371278821911427082e-02
4.469769269847772425e-02
3.389216309065547217e-02
4.559919165320475143e-02
3.673918007773659122e-02
5.011177091300889064e-02
8.407656168104114813e-02
5.962651354198059833e-02
7.391096202966827844e-02
2.997017830818065123e-02
5.275233720987683450e-02
3.323676139217297126e-02
4.064319190595297449e-02
4.924638291759069614e-02
5.910120351875169237e-02
4.533370806560953203e-02
5.730710398889081458e-02
3.350310297953807553e-02
5.894653538652376568e-02
5.023729814010783473e-02
9.746844693867082188e-02
4.008900912744833844e-02
4.373980193793747251e-02
6.413441152120036293e-02
5.445182387207824631e-02
3.423803430995008695e-02
2.791515325124150834e-02
5.929382100313385778e-02
5.830024658553108891e-02
6.805511627524726825e-02
3.697850206338543916e-02
5.965851109658515394e-02
4.095106340202701173e-02
2.357189493472813119e-02
5.200738176775073635e-02
8.218778309625228429e-02
4.839583346526812879e-02
6.301543536608300577e-02
2.576741842308832853e-02
4.344382358705985159e-02
5.106163712078389677e-02
4.373327255078966747e-02
8.850527874965834207e-02
6.188567378062354712e-02
5.414093884651772354e-02
6.707037550093644662e-02
6.869475818118120358e-02
9.965415461536243635e-02
4.332870712437862648e-02
3.213252780527982300e-02
6.494626595623786969e-02
5.478810365285920886e-02
5.107324893320064341e-02
3.414851106656525970e-02
5.488823981189332180e-02
1.109137055899968999e-01
6.851706014692489355e-02
6.140205602753556063e-02
4.108129879632418935e-02
6.639535647922434336e-02
4.902290836583880762e-02
5.118795434643887143e-02
3.431367776801091951e-02
4.804979367893712910e-02
6.724283919707246815e-02
7.805628318462028148e-02
3.301152994910275945e-02
4.946887495394260148e-02
5.298786558705843863e-02
3.392009633857554635e-02
4.428525808316639140e-02
3.075721527683563522e-02
5.758813815611855264e-02
8.608552872558489222e-02
2.724285258908662119e-02
3.206759330702170507e-02
5.096025677717574282e-02
6.989256689360336117e-02
1.106474080114847741e-01
1.177132398753806819e-01
6.248689064507247787e-02
5.982965173846339219e-02
4.366240118415572191e-02
3.919938511772039919e-02
3.209509292663412922e-02
5.706678621787935474e-02
5.214284241494899358e-02
5.172424053903269120e-02
2.501411989515655784e-02
4.604077815069446133e-02
4.344508270696786217e-02
6.270104418484820363e-02
5.377318094738576387e-02
1.235397164913823592e-01
3.657474403205739771e-02
3.358094582305382048e-02
5.160377334590399850e-02
4.866724901121384506e-02
6.910143961947581848e-02
4.909757956027168552e-02
1.715435320408962017e-01
9.879531667383321947e-02
7.908178051772275785e-02
4.386466442799386717e-02
6.772701839841700766e-02
7.535347380719481514e-02
2.306227778543558371e-02
3.550648910972447475e-02
4.755003504809970222e-02
4.466630152261819031e-02
6.313785827070748924e-02
5.858568734668912620e-02
3.689474397865492861e-02
5.434631017887988497e-02
6.339395387601530485e-02
6.047126876395627487e-02
7.120044723894695948e-02
3.876383419827585802e-02
8.436715598481830947e-02
3.334636718786349041e-02
3.980082508021732385e-02
6.075892911027883786e-02
6.633152922852252054e-02
6.188755604853629633e-02
4.249919638036561004e-02
7.455418389949483582e-02
6.684291667208490384e-02
6.150673966845886242e-02
5.570738373591160864e-02
4.844701472642976708e-02
3.891146877857110803e-02
2.640486699294501000e-02
5.163669461624948581e-02
8.241463497680938388e-02
4.670264129439848783e-02
3.364031536069037737e-02
5.010868563675629356e-02
5.255824693108947926e-02
1.509001151353448755e-01
6.250839844093246389e-02
2.085174637731942657e-02
3.724923330942098154e-02
1.363933731667072990e-01
5.642583172435062383e-02
4.305202759269208257e-02
5.227715122964236849e-02
3.294135988309557228e-02
8.832660578844526988e-02
6.997895433027444267e-02
6.188185560202820457e-02
5.927723872509035180e-02
6.550596482439062507e-02
2.876800407711530699e-02
7.220742141335310949e-02
5.590663027246695060e-02
5.596954951203392259e-02
6.507280831041023506e-02
3.263359789940332989e-02
4.430972104888382390e-02
4.087400763385257846e-02
1.090925323612860348e-01
1.316055602479003772e-01
5.388672773133050542e-02
7.584993456070932005e-02
4.689051526874345871e-02
8.522713141045569485e-02
3.735867789825843971e-02
6.130669032731780183e-02
4.449408386814499711e-02
2.921004770556766966e-02
1.314058529546903165e-01
6.429155737621275457e-02
5.641833410583405733e-02
2.733619179078465578e-02
3.123538191775944786e-02
4.214585164978523063e-02
4.661504131831593900e-02
4.102767327001786979e-02
3.875716643832608638e-02
5.286399421462020798e-02
4.613645313257903890e-02
6.188353135523423643e-02
8.381767759737286660e-02
4.475857119964276459e-02
9.094106882373922951e-02
5.918206819263889529e-02
2.374754708597314953e-02
4.575855591864769895e-02
2.643916949590448956e-02
7.916261943919493393e-02
8.394143958923445947e-02
7.378708539155237611e-02
2.492751467411104607e-02
9.269361019742686225e-02
6.699378726236336623e-02
4.834109164141155157e-02
4.180724828554195638e-02
5.697402525323280731e-02
4.783226115856956118e-02
3.216697091334694975e-02
5.205856447806479770e-02
1.376113601278523002e-01
6.904305101260442556e-02
7.017006962816714488e-02
8.207547850070494311e-02
7.792323903347270209e-02
9.208657890715848948e-02
4.261783911789247120e-02
7.632146504136316789e-02
1.247790101481967145e-01
3.481094017585751460e-02
6.693845190123004496e-02
5.457408120057286038e-02
6.749731323458432741e-02
6.363645087813334100e-02
3.097861883485808487e-02
4.145629007383174608e-02
4.905506700402938181e-02
8.828700196260283461e-02
7.398543853092010014e-02
3.750901524450636626e-02
5.009530697665030147e-02
6.291999766699442331e-02
6.047616065306436750e-02
7.999692997586564658e-02
3.715653892835713012e-02
7.941082554517964187e-02
5.500722876660088523e-02
9.035568579353292495e-02
4.936183977181343024e-02
3.186391042013969610e-02
3.138488027337256459e-02
8.509658841853584565e-02
4.834124324198421641e-02
2.553332781938858972e-02
6.870485401266787640e-02
2.310876991071438014e-02
3.567571132383492993e-02
2.864724247274312574e-02
4.760683862211127770e-02
4.825400284639073945e-02
4.366460158385380985e-02
3.298625280342332849e-02
5.105979269753860988e-02
3.938832782270831195e-02
2.878922548348980190e-02
9.385595225448672974e-02
6.600887210831823948e-02
1.728080821489792751e-01
4.648976599273511173e-02
7.716328053315117674e-02
3.534612701515220390e-02
3.408352387052192983e-02
2.423401875491085905e-02
1.051228971320018607e-01
8.478675257846580993e-02
6.109031161952847844e-02
3.746536541628309874e-02
3.604254660871583638e-02
3.750884997773855367e-02
4.598085434037200298e-02
4.289559419288126174e-02
9.018298123363287233e-02
6.725867568736593194e-02
4.562193550963572486e-02
6.227587841703822319e-02
2.256114386382798709e-02
5.714368143390988891e-02
6.670596499102578181e-02
6.172555527514320822e-02
2.865488452389547414e-02
1.051535857862511275e-01
6.020981481878960595e-02
4.777374848393427242e-02
3.690261149137383234e-02
1.017578584698696775e-01
4.816498181508034604e-02
4.704428328512024610e-02
2.270106759725379689e-02
3.238104443250634096e-02
5.788557435408198115e-02
1.117444871367681281e-01
4.554592135934805441e-02
8.583373144852311787e-02
4.263949808071892944e-02
3.486784488910182889e-02
3.112563801410824990e-02
3.792618201771482539e-02
5.088751468370054237e-02
5.235564221129085372e-02
6.958179120559046527e-02
4.186044102670563594e-02
2.977278450710881680e-02
5.219371671131775581e-02
4.252733748875132253e-02
5.106897400497286549e-02
4.686572751030191469e-02
7.098405157323728343e-02
1.041563451858172201e-01
5.163872476899714764e-02
2.290233550598700166e-02
4.004197244516735643e-02
7.671498440158522336e-02
6.834781038632546657e-02
4.715743577885875282e-02
4.852411300052957011e-02
4.157398796257760071e-02
7.355087670194718208e-02
3.588239358093135017e-02
2.172581098994614407e-02
3.058724134812674383e-02
4.579368593174300978e-02
4.754419738054194849e-02
9.721021916773464611e-02
1.128993341592282595e-01
3.988478816048662834e-02
3.181282494461549343e-02
4.638274769145549203e-02
5.133594360602308088e-02
2.640479979847180220e-02
3.459627648268437383e-02
5.478396680171504496e-02
7.478344806464502781e-02
8.722167236963702941e-02
3.057761312186706507e-02
9.332888345951907694e-02
2.882025048157267968e-02
5.160342840033908807e-02
7.432490497167762444e-02
8.768592834363864164e-02
5.116491597949911208e-02
8.129356286495993678e-02
5.180306415299984479e-02
3.893845760684808144e-02
6.159394848117169530e-02
1.032506929571286314e-01
5.218737695982187536e-02
4.830599368493646711e-02
6.637372468920478552e-02
4.650176681283314101e-02
4.476148704097562825e-02
3.293057349102011810e-02
3.460529093647751048e-02
6.962253103181864633e-02
7.370478464415003428e-02
5.944419631708392632e-02
5.588564304476210248e-02
3.161312239135248559e-02
4.497385491350421038e-02
6.659692139368134089e-02
4.504350030357218149e-02
8.292040540611789190e-02
7.601600292881777188e-02
3.601652012959548343e-02
2.504032040890959501e-02
8.215064792640686120e-02
9.631126305000871357e-02
6.004475363911594005e-02
4.312524503159426842e-02
5.663906300892936757e-02
1.281540751176737936e-01
5.588893278627768413e-02
7.398211294696777074e-02
5.091786134361710181e-02
1.043877955906806487e-01
1.103478680232456155e-01
8.745718760857022767e-02
4.792447183567340174e-02
5.452990544191655548e-02
3.397847656224228102e-02
4.800030658491169500e-02
4.362294197640064625e-02
4.264893569572623944e-02
5.240683584698707653e-02
6.303865227220213641e-02
7.095172714905888245e-02
3.924175147991561252e-02
7.231721072242738857e-02
9.330657527687186148e-02
7.976670086606003907e-02
3.290602589619205653e-02
3.730977107015169547e-02
8.745568696105784912e-02
5.667689929206679716e-02
3.913390223503105531e-02
3.176803851369695841e-02
7.283713429652426130e-02
4.539443183738484100e-02
5.180883386783839001e-02
6.193450207161937948e-02
6.017864344493719514e-02
6.213699508095412577e-02
5.551935626189391515e-02
6.583647035188366914e-02
3.462971484694108565e-02
2.477031987905616364e-02
5.601077346068530916e-02
5.394125376488796003e-02
3.860870341501649455e-02
5.698408708972949738e-02
4.473246830523240625e-02
4.928156151155459186e-02
3.558830149399649923e-02
3.245777581599498113e-02
5.114362158161766397e-02
3.785526783940007522e-02
3.309204894706844341e-02
5.680580200543713237e-02
1.252230916414132089e-01
2.749516196291419690e-02
4.202022508855076527e-02
3.271892595831315392e-02
1.090891335338147194e-01
3.384753617389293923e-02
8.040178654999510788e-02
4.065217127532303604e-02
