4.171255193540535783e-02
6.080855625460549613e-02
4.339315362484989780e-02
7.119755377322423140e-02
3.404706942526969371e-02
2.909980345606527977e-02
5.650856001217021557e-02
6.900209897761649946e-02
7.700234472921867190e-02
5.454083283069192239e-02
3.946256709874607083e-02
4.539985479439057753e-02
6.897281766102773826e-02
3.449184852887987596e-02
6.229013951025478418e-02
7.232203785491037040e-02
4.856867233187076027e-02
5.057084029092837052e-02
5.543577530281815213e-02
4.031191003356972974e-02
3.247095843282774702e-02
3.293432884894575974e-02
4.068503527569365674e-02
4.671587197148314302e-02
3.669269046679791979e-02
6.042128744578013216e-02
5.331765075542392596e-02
3.503840771518828417e-02
3.554539742944970437e-02
5.530328051269761680e-02
4.174587915467131011e-02
4.667065918554116205e-02
3.562734667874280919e-02
4.692176529913245214e-02
5.270406696004036051e-02
4.128406914808673001e-02
2.878935029420033598e-02
5.012792057456760819e-02
6.931508733544522460e-02
4.815966653770403783e-02
4.881422023414980910e-02
5.157448776459280099e-02
2.464938290191972733e-02
3.416016586431542407e-02
3.872207389067924832e-02
3.769534266255258198e-02
7.716597874354179376e-02
4.448022427055399464e-02
4.743018322290694366e-02
3.815079331764656412e-02
3.117430334353745586e-02
6.590332601057455331e-02
1.050746733245809944e-01
3.850035456719155119e-02
3.562573074435271964e-02
5.360016665867901181e-02
2.441762318765667780e-02
3.574752608677853744e-02
6.259462354884272328e-02
3.143960884362500402e-02
3.544792671160268416e-02
6.057068237567632407e-02
8.352160899886189316e-02
3.560124065084099149e-02
5.834560214823803631e-02
6.994245546693537985e-02
4.755660319655805740e-02
5.682486298531011504e-02
2.930689096227666324e-02
4.146789845579804817e-02
4.482598382719843455e-02
2.973452388789361162e-02
4.081755272726115408e-02
7.729900427336112989e-02
6.339203407675940427e-02
7.264307096283434406e-02
2.661404450794928322e-02
6.181287243443756019e-02
6.312075310999804012e-02
6.731574922803265637e-02
2.514077088711864569e-02
4.797694909530714202e-02
2.719185121592565188e-02
5.965479209619599377e-02
4.729908580340639462e-02
4.538078758810248220e-02
8.752900502209338962e-02
1.186449984496074639e-01
4.975611890926041198e-02
6.297580209179941269e-02
3.149747520958710856e-02
4.780217450368198090e-02
6.361455159562319495e-02
6.011722904864895412e-02
5.040955841398245957e-02
3.167177494687894307e-02
3.066736550555868718e-02
6.854055151115610867e-02
3.817118450344540725e-02
3.337925878499416882e-02
4.973314495021349813e-02
3.173133683779657405e-02
3.104180432052888045e-02
8.244679788592934599e-02
3.635515454330440904e-02
4.620580337911064234e-02
2.877318383019495177e-02
2.918292701968049074e-02
4.020386250517159199e-02
3.238441620519111330e-02
5.328640878583539714e-02
4.598421575399443129e-02
3.856901920488071261e-02
5.286527581742164750e-02
6.200387356144083928e-02
5.842167068738563646e-02
9.888117784581820779e-02
3.628634738407255506e-02
1.049100654191746501e-01
2.633601078290085176e-02
3.652505543763887030e-02
4.598745424559346623e-02
2.452027530045150852e-02
6.029478556035730574e-02
4.921248434496783980e-02
5.389636184218285497e-02
3.043976439777876242e-02
3.421323487628641358e-02
4.809912849992155348e-02
1.086711253526214394e-01
3.291536677356281942e-02
2.669532916167169714e-02
4.335139773983847505e-02
5.172720115693380666e-02
3.422910736198288284e-02
7.042624757180766804e-02
4.402406526625912697e-02
9.709118660581608773e-02
7.290247700781650464e-02
5.897624485834493391e-02
6.054399161541625801e-02
2.865228232012913961e-02
5.189114230135868228e-02
8.097702956189642420e-02
3.349920087752307485e-02
1.015148684762372799e-01
5.103066253667110086e-02
5.051687916394132644e-02
6.652555351330596833e-02
6.545129178975887807e-02
2.019174728486493320e-02
5.126322312558961869e-02
6.685795092470474266e-02
2.592250070716003649e-02
3.319859903891478337e-02
5.262937942931310287e-02
5.826482580842689413e-02
4.471148870316159207e-02
3.510637770882501368e-02
6.305122908355985378e-02
4.681426343651289707e-02
4.578741190278979439e-02
3.858038966873487269e-02
4.145978764956685658e-02
3.929773117037510533e-02
5.357476325376137050e-02
7.536460624063720526e-02
7.084616871526853987e-02
4.402044869628005813e-02
5.533052100920372168e-02
3.230048629945429794e-02
6.533491365658038175e-02
3.508835154934394907e-02
4.812432327959043771e-02
5.725054630347287121e-02
6.971010980930342216e-02
3.844257774563596824e-02
4.020747813588128328e-02
5.933095732853330140e-02
6.132848474252201865e-02
3.599628163983850659e-02
8.153083910887937158e-02
6.258707472102713332e-02
4.825880505009868399e-02
3.936721464731208348e-02
2.750407132388092701e-02
3.023018347862168817e-02
2.720516490617018793e-02
4.460140520923014384e-02
8.266535185922628537e-02
5.595754127594393390e-02
6.312195190015373880e-02
2.825448363111494193e-02
4.905066372138414121e-02
2.474639322975313860e-02
3.924931229865247923e-02
5.052387748503276571e-02
5.790331452492881309e-02
4.207104442185406051e-02
6.152713766437870047e-02
2.665146261149283630e-02
6.507631427218871223e-02
3.929895605673966452e-02
1.026090785062530042e-01
3.396007338375416768e-02
3.913369346152725109e-02
6.326660624038180081e-02
4.617183198250222192e-02
3.547634912088399456e-02
2.681333173183314891e-02
5.630892510545415508e-02
5.602177153772348872e-02
4.717030261139402297e-02
5.217692673260882624e-02
5.129742830764100203e-02
3.795091021009112248e-02
1.963874536195783782e-02
4.820612366843585878e-02
9.842569039068510550e-02
4.422189802569240213e-02
4.053675842431751081e-02
2.506509712554736563e-02
3.381560983166815443e-02
4.423873773833500445e-02
5.063974012027052524e-02
5.370462628081892204e-02
6.252670492818962478e-02
4.696192577359772913e-02
5.937629861635256717e-02
5.563307458215230317e-02
1.034520066722422749e-01
4.098693902238022269e-02
2.968914309630776155e-02
6.569518894773419826e-02
5.242141469232670936e-02
4.022270923264636283e-02
2.749787867658397625e-02
4.745231757359653219e-02
9.272811592635492317e-02
7.666165312015184308e-02
5.046581714674506364e-02
2.656995022484461358e-02
5.312062529419675494e-02
4.121181809574848975e-02
4.574542125972101692e-02
2.248805839375644933e-02
4.977051997541143136e-02
6.826270882462544265e-02
5.264723122613030465e-02
4.410247758428639808e-02
5.455560273041305808e-02
5.252830609543802931e-02
2.996874274309547365e-02
3.732599150838924323e-02
2.927997614786031003e-02
5.064681188205617107e-02
8.429200837531899970e-02
2.460239138576897008e-02
3.654629656885970829e-02
4.915736478156566835e-02
5.598559432237142086e-02
9.425096839630051071e-02
9.655259998825972689e-02
5.067201697581808634e-02
7.219571397610582975e-02
5.899590093624307308e-02
3.866412068735599478e-02
3.809255784024470626e-02
5.192772788930272859e-02
4.987119304690226101e-02
4.118963961619033498e-02
2.120771696158423036e-02
4.836701133596119084e-02
3.931231918598371289e-02
5.090663461347478408e-02
4.697874091059575652e-02
1.085880657009494349e-01
4.046325557696268949e-02
3.123215123966293846e-02
4.415130295028109331e-02
4.610583407639537445e-02
8.107679770865408586e-02
5.796688947310361939e-02
1.135756941503170969e-01
6.708358399296300567e-02
7.235428812592242798e-02
3.419461238101001443e-02
5.673185506526681049e-02
6.769040365288425676e-02
2.755132165061258478e-02
3.757329131709901543e-02
4.013234901692642326e-02
3.144016855764691920e-02
6.679757374779572709e-02
6.827893116843565535e-02
4.241594441130436960e-02
4.664418301871395972e-02
6.051888161148488710e-02
4.529311101511575982e-02
7.472822765664273448e-02
4.014928832504478101e-02
5.803488399635545192e-02
3.165144116891589060e-02
4.642098609188668318e-02
6.501343025718679669e-02
6.514432027871769337e-02
6.020250975773007440e-02
4.362593668545247660e-02
8.664081551155314309e-02
8.735395328523723468e-02
5.570974591524192887e-02
4.491561931373829614e-02
3.931012211815364255e-02
4.584175380283869033e-02
2.863468559072474343e-02
4.384065057116723341e-02
8.882110612581772813e-02
3.516025433001554457e-02
2.425219509762088430e-02
2.585551429708676102e-02
5.876839849067599236e-02
1.016245864232074303e-01
5.527082403453069392e-02
3.197324625824486677e-02
2.930227477813155193e-02
1.055497275785453742e-01
6.598749870770501125e-02
3.968435581994188277e-02
4.370437295018458207e-02
3.269272196197740843e-02
5.984618314446820547e-02
4.128068619038714748e-02
6.022196864905432490e-02
5.020348098505866830e-02
6.663734600767444449e-02
2.412495023282099429e-02
6.513751859920617615e-02
5.827460106207448670e-02
3.910715401623669762e-02
5.585475851374704231e-02
2.868653750687675044e-02
4.096845538835842959e-02
3.558336014612763915e-02
1.123212894593123290e-01
1.161406856212041511e-01
3.464325397211873853e-02
7.485737640619576083e-02
4.804293649972040531e-02
7.156065983630949257e-02
3.653921912854007914e-02
5.412909664148193162e-02
3.165143016899091277e-02
2.605572421291628069e-02
1.008649928114625227e-01
4.478757301713381933e-02
4.723293610866872994e-02
2.353891098215616512e-02
2.532017963169496885e-02
3.839256015445344922e-02
4.175728686498087622e-02
3.444701177400651126e-02
3.098422464638701107e-02
5.012917485883645191e-02
4.342065814525154083e-02
5.621762121137528073e-02
9.283278776089601281e-02
4.423143117294948967e-02
6.387031347061065956e-02
4.921023962123650952e-02
2.456779197680496532e-02
4.450749836327574926e-02
2.420610864546109478e-02
9.167253250705527379e-02
7.232553533584462624e-02
6.119478507354689234e-02
2.909207922151012607e-02
7.683440747205248778e-02
5.319516250369575594e-02
4.214890467065608715e-02
3.816720916729779423e-02
4.468583125336332562e-02
3.492015709020174219e-02
2.777529008589060128e-02
4.447948494710299294e-02
1.297196304396816546e-01
4.872509429428495409e-02
5.694177446050578684e-02
5.937644222618624484e-02
7.692722358754378043e-02
4.305438583553321263e-02
4.487604317591623038e-02
7.936004755076440931e-02
1.164240377742394722e-01
3.450990379284050308e-02
6.576095841748118287e-02
4.342867601425097479e-02
5.835684599897738439e-02
4.524358080733036080e-02
1.953685945192034507e-02
4.468986199934101705e-02
5.841254982996627737e-02
7.676223208456633973e-02
8.683005195768581097e-02
2.959001152182533234e-02
4.260075468602730897e-02
4.938600305643727623e-02
4.984343036409468602e-02
9.274286278920365612e-02
4.495526482744924973e-02
6.971354028675993963e-02
5.327912247622437064e-02
1.108843325246172407e-01
4.462684785742412896e-02
3.197147388395901041e-02
3.507048960486169181e-02
6.156611638636750455e-02
4.700529104571029432e-02
2.586781665161945118e-02
5.216261606922818067e-02
2.376063917103149806e-02
3.387955710132443954e-02
2.897937138380754160e-02
4.295542717369891378e-02
4.583992391374222541e-02
3.885495508583460683e-02
3.058145000118755660e-02
4.841664598300252087e-02
3.742201116530786964e-02
3.035030751784285191e-02
6.089763567227249319e-02
4.256291620173199147e-02
8.567089935981402060e-02
4.561748167286452244e-02
9.949491751473914236e-02
2.778284148364423833e-02
3.766103181465859512e-02
2.700969655276924328e-02
6.375671329714696633e-02
6.131256757813430963e-02
7.431105104590764177e-02
3.460392909764106045e-02
3.280827525173442977e-02
5.005796448110035740e-02
3.971272765394374266e-02
5.220670952682798793e-02
7.405168994011367134e-02
5.898071260232955193e-02
3.677202576118574623e-02
6.221724121629185894e-02
2.074062591646496159e-02
5.315835372714408646e-02
5.885703559942578877e-02
5.674058765557583178e-02
2.435972467053110560e-02
7.275117071700325233e-02
4.161838815387270546e-02
4.058092469672575087e-02
3.132806573434897962e-02
7.113560535423703313e-02
4.411107774271636611e-02
4.315467815227726905e-02
2.759351723441910015e-02
2.978503636247463449e-02
5.359718724360632014e-02
1.020162283321103674e-01
5.124807723043099672e-02
5.964233271456130525e-02
3.734130975927648505e-02
4.133699886503522380e-02
2.368071178941109217e-02
3.289822975502502272e-02
5.680509108630978077e-02
4.519147921738898843e-02
5.993326434155837878e-02
3.495411588240878581e-02
2.682437658406460271e-02
5.022677197305282920e-02
3.413008396333141320e-02
4.795237288299941669e-02
3.503362739029805550e-02
6.491709624716598959e-02
8.839872143756721812e-02
5.276363117660447244e-02
1.826061846203826111e-02
4.007326550059289033e-02
6.517928609710178789e-02
5.597947910010786510e-02
4.975802429742639393e-02
4.966867162762990395e-02
4.261335183191398979e-02
6.300622151593393561e-02
3.487865350673568371e-02
2.952048461631450946e-02
3.017342652208304318e-02
3.811587161614938407e-02
4.652591109768697969e-02
6.521606959397033276e-02
9.109206660246539633e-02
3.443640583962290225e-02
2.582222467512173755e-02
3.237250025780191720e-02
3.997597397218854987e-02
2.556328760971685390e-02
3.449510754234129395e-02
4.132293033810616883e-02
5.776917375289949280e-02
8.351236482692385443e-02
2.846287035462324519e-02
7.868506091116202195e-02
2.389028656879529575e-02
5.731831904932253863e-02
6.371624533591715989e-02
1.059037046561893403e-01
4.797724997990611417e-02
6.434528647344325836e-02
3.765450370282196618e-02
3.322516381419767656e-02
5.197113441384364901e-02
7.029990897070667599e-02
4.101132643184656618e-02
4.751930063038484198e-02
5.367082077012443747e-02
4.644079192842756609e-02
4.241890996948693288e-02
2.861610585995137332e-02
2.645809454940724684e-02
5.557961093603790148e-02
6.499833235407735665e-02
4.835658620360987897e-02
4.734957521911715983e-02
3.523683973674570508e-02
3.360921288598514578e-02
5.230205262098066438e-02
4.486261426625258453e-02
7.621819473716166804e-02
6.991226654832531640e-02
2.706912562167753528e-02
2.758372309818135984e-02
6.373793266727628692e-02
6.500800433690377689e-02
4.587753889104601024e-02
2.864637943183384605e-02
4.194335585332775729e-02
8.837314690132662409e-02
4.528547400183891014e-02
6.237858847987619304e-02
4.277418397102115272e-02
8.388928944490560424e-02
8.383248883899414861e-02
9.283918902876149570e-02
5.098778902668271718e-02
4.059559264279794660e-02
4.017023926273501772e-02
4.131493917377145053e-02
4.461705234056342201e-02
3.825782947830920488e-02
4.890007369352425415e-02
5.912841775335358346e-02
5.870361708025786940e-02
3.500571396448259875e-02
8.489381561561952505e-02
7.796173967683736605e-02
7.674137927392341019e-02
2.097485179773611250e-02
4.567391753675782012e-02
6.448913870760439315e-02
4.464751872427821788e-02
3.395894899612196538e-02
2.334384851539018924e-02
7.872128693000060573e-02
3.534407578176086001e-02
5.043609822447175928e-02
5.429984219287428693e-02
4.480057126117781285e-02
4.954299643835129857e-02
4.876392309662698488e-02
5.688272995794037279e-02
2.948448936890182490e-02
2.723295212260242251e-02
5.095694641578114858e-02
3.835328931476660042e-02
3.000999836152708558e-02
5.377775406922458840e-02
3.149009545002597749e-02
5.433356741318865618e-02
3.748376765630310331e-02
3.537544473304207737e-02
5.450750908188991412e-02
3.076226486717876379e-02
3.284037294574504440e-02
6.112353313449631759e-02
8.132644745872665004e-02
2.648959531913550047e-02
3.711844447502642141e-02
3.604936008166939598e-02
7.863890134943955779e-02
3.091364229473267042e-02
6.040649665821422321e-02
3.293718929084669955e-02
