2.655560558200388901e-02
5.410722987036639675e-02
1.937740333831673711e-02
2.454171244420649475e-02
2.133014457149868745e-02
2.427119054126391715e-02
2.376950726742530634e-02
2.255639289165499786e-02
1.748611420205311781e-02
2.714602762406032391e-02
1.374026799549431417e-02
1.804731436217895529e-02
3.595872178290597521e-02
1.057417042339830505e-02
1.354469552129445448e-02
2.250903786886103083e-02
2.212682667788397686e-02
2.806835133435619731e-02
3.161346468632266621e-02
1.736119020568709787e-02
1.481487436607849088e-02
2.976030377699113647e-02
1.446817775097594336e-02
3.482164012195169273e-02
1.084380049964766071e-02
1.827869091303999799e-02
2.869559070400796996e-02
2.283849553494710083e-02
3.492583832994600179e-02
1.202901219256793768e-02
1.744235680664894469e-02
2.701405645378872691e-02
3.041959737883510873e-02
2.487834365450258128e-02
3.675655030350446356e-02
2.162961854312139484e-02
3.525134561639457070e-02
1.886444293901954478e-02
2.013682404491621419e-02
1.027832306431147001e-02
2.145798961950494757e-02
3.443974036720501286e-02
2.141290065347414145e-02
4.807726295391575450e-02
1.683133550750197382e-02
1.789930394452796808e-02
1.966829606101003214e-02
3.676066970828319180e-02
2.085504137395737673e-02
1.856608895223668676e-02
1.360876341387164470e-02
2.082366659602362738e-02
4.048255974386295863e-02
1.830628146961092023e-02
1.967997939675953517e-02
1.414611919400772348e-02
1.440631806594031873e-02
1.261109636554943493e-02
1.817251181361027521e-02
3.020493763325768355e-02
2.550776194285421170e-02
2.855394170817307509e-02
2.016321656828050715e-02
5.336966255843260398e-02
2.263678990406046976e-02
2.048688704763953691e-02
1.416025528519663720e-02
1.318239858034982170e-02
2.883056319085476951e-02
2.627663388200421335e-02
1.388715978690243345e-02
2.486988984958717064e-02
2.649295624260052801e-02
1.736140331387834787e-02
3.336699504005304767e-02
1.436556733619586898e-02
2.179170643901466933e-02
2.965197661238713409e-02
2.640503867323637163e-02
4.536820939951630161e-02
1.712584834740761910e-02
2.249969034499585060e-02
2.030396395139009297e-02
9.409411121403568959e-03
3.168067393767363960e-02
2.686382681039607354e-02
2.753983350710692904e-02
1.902693250648767459e-02
3.578723294297868340e-02
2.032873726191347305e-02
2.498826356040773425e-02
1.926110982384670114e-02
2.261714784862233971e-02
2.002792717885979942e-02
2.894896562347529928e-02
1.945479334454547349e-02
3.022576093770899461e-02
1.439768563625377223e-02
1.261034865547096956e-02
1.900449845226064027e-02
1.530200704600004000e-02
2.628603851746572767e-02
1.743359459419081478e-02
2.660491856888867745e-02
1.912909137493044864e-02
4.215362023323102059e-02
1.878403269277518009e-02
3.411748909374943267e-02
2.935588453998407010e-02
2.946559340669978669e-02
2.908362351643731247e-02
1.557128110831092031e-02
1.063793694456455219e-02
3.142101125595028743e-02
1.670633869361951018e-02
2.590126068011179561e-02
1.983186077478796619e-02
2.193997706175902784e-02
1.476350318267897338e-02
3.249337824068834063e-02
4.532129796310460645e-02
1.823785061913542685e-02
3.204596463760264052e-02
4.028822986768906128e-02
2.582297990157218087e-02
1.840131696758585955e-02
1.694685486070568459e-02
5.761911344357914522e-02
2.441800785643651744e-02
2.746106710740700216e-02
3.423913459598967868e-02
1.495035248401271021e-02
1.352998640796243372e-02
1.216166676289840917e-02
2.156115709791418464e-02
1.920644385826295736e-02
2.121794100622870216e-02
2.216313168323860022e-02
2.207444449191453897e-02
2.476252712381743493e-02
1.582173762610710951e-02
3.328321424646101673e-02
4.201980533678474627e-02
2.053788682443641669e-02
1.475592685437815237e-02
2.165390273081629902e-02
2.474546650999588301e-02
2.330020878628235800e-02
2.210374879825527036e-02
3.620246582972230787e-02
3.160337583985266957e-02
4.248825058978092373e-02
1.459150305193818685e-02
3.624461760451604120e-02
2.602452503501642700e-02
1.589539952978549081e-02
1.561473529597937060e-02
2.633238948079624775e-02
2.420563796610965615e-02
1.829631550118641578e-02
1.678897372543008970e-02
2.858153122452797984e-02
2.452785791229189494e-02
1.907275100491120576e-02
1.432848968936375859e-02
2.012469322195574797e-02
1.831058829892512341e-02
1.399324074987314329e-02
1.945550871635183185e-02
2.179903935076784108e-02
1.313001859079871401e-02
2.958383269834674242e-02
1.991597777865451724e-02
2.197503753586008135e-02
2.538061535633952953e-02
1.178215076851197619e-02
5.095748661874582169e-02
1.869016421128176508e-02
2.669013172725356875e-02
2.559325836200920454e-02
2.674866463452274870e-02
1.847966839523215721e-02
1.801635893750252321e-02
1.684275748708739112e-02
3.465632084807938190e-02
1.542379163030611899e-02
2.239926802721225324e-02
1.827825668638499712e-02
1.029957519619592934e-02
1.631307848776265140e-02
3.365514981151680046e-02
3.866538618232524122e-02
1.427011279329715339e-02
1.346319580347177768e-02
1.732163939485650492e-02
2.186284232955016185e-02
2.158208263453783443e-02
2.058727932987652540e-02
2.353691687343456573e-02
2.249805139731200776e-02
1.707079970244191128e-02
2.667464958350026713e-02
1.929989693883477422e-02
4.338829426438848419e-02
1.522566211851303190e-02
4.320018441960550570e-02
2.165563827106907827e-02
2.294844935103030129e-02
1.977036193331744435e-02
3.149968433513571781e-02
1.428551881008720270e-02
2.090010977111414481e-02
1.923193434561976112e-02
3.162916022295455404e-02
2.879718672653984457e-02
2.150378177371806490e-02
3.770688488232290525e-02
1.632409850125256939e-02
3.202707359281818655e-02
3.391388752890053121e-02
3.215757010574341740e-02
1.615275792033366020e-02
2.357923033857321077e-02
2.031608398342848315e-02
3.296653395673629361e-02
3.180017039012694724e-02
2.251551450277355232e-02
2.410714696470728571e-02
2.419878039487669344e-02
1.549263483754395945e-02
2.012677386138757296e-02
1.584155616070555966e-02
1.785648349116350508e-02
3.328223918077422017e-02
3.490326720856119086e-02
3.820323529950503394e-02
1.524128118022449220e-02
3.232051900876451583e-02
2.586096919354706827e-02
2.605565695935795067e-02
1.976059031553428769e-02
2.914063015290203895e-02
2.420556796376700792e-02
3.961332272698878110e-02
1.220114489384723118e-02
1.659871601679603972e-02
1.111550680393416819e-02
1.772258159526757595e-02
3.436532142394772837e-02
1.385466527577115109e-02
5.258730073263975791e-02
3.515962633750192162e-02
2.723879754149241550e-02
1.242009020518804012e-02
2.217534747882229929e-02
1.784766855805957828e-02
1.451364481347314044e-02
2.297516452847953722e-02
4.066862594549228160e-02
1.623364915379255785e-02
2.765592383948233327e-02
1.703605015409676710e-02
1.432800480190882068e-02
3.400490771492983150e-02
1.324806004728804748e-02
2.546633326783879700e-02
2.036190437840670539e-02
2.412055940029593157e-02
1.538137599004990759e-02
1.867281641241790718e-02
3.153871545349936495e-02
1.069383074813969395e-02
3.667459171481281255e-02
1.515619637772390449e-02
1.357195219707956618e-02
1.645636223059986775e-02
2.959396432652618494e-02
2.185092610894152562e-02
2.124285012379601573e-02
2.479483996434900944e-02
1.064259595440959424e-02
1.119760456853616075e-02
2.124493512505588183e-02
4.020703714647359123e-02
2.198422886437297746e-02
1.620955873888927160e-02
3.080940947897671534e-02
1.353910515379770640e-02
1.388940776944583982e-02
1.073738888222561250e-02
2.139921710015033757e-02
2.135916005059010706e-02
1.506040484887626908e-02
1.729349051615865565e-02
1.388565201663511696e-02
2.281119437473001429e-02
1.642092302330906348e-02
1.729444008755972803e-02
1.720526924207185088e-02
1.672349102229505127e-02
