8.212338438119971828e-02
1.484947398344577119e-01
3.437436315747251225e-02
3.761861455368012419e-02
3.743914812304718204e-02
5.253060038363165096e-02
4.671541154282610186e-02
4.855246008961657672e-02
3.509430746398382178e-02
1.004935776420794041e-01
3.608846855737943282e-02
1.577533674727390686e-02
5.505884064422640611e-02
1.572245806368471541e-02
3.771340912308804305e-02
3.155875756190822112e-02
5.817956519188235281e-02
6.585664918774868093e-02
8.328019703757776060e-02
3.359943827863503402e-02
5.875887367902631053e-02
7.856062200731479817e-02
5.310117477396882057e-02
6.197681523833139389e-02
2.733934801651394936e-02
4.045616215788740144e-02
8.374570753285950908e-02
7.381894012931292104e-02
8.240168200863137726e-02
1.778167668828232670e-02
3.874854634872332282e-02
7.339784005362658126e-02
6.080631815221302500e-02
8.090761703834474516e-02
7.522703158747529040e-02
5.768539053276321160e-02
1.129675696297139376e-01
2.946190316037433990e-02
4.682855484644496413e-02
2.422066763840214493e-02
6.021606775163741709e-02
9.567901744185036694e-02
5.917359933085986762e-02
6.222716086225952431e-02
2.757177047549477442e-02
4.484349424109944360e-02
4.203679655740069632e-02
6.255784100771828726e-02
3.737441939841871369e-02
3.395147516570180130e-02
4.971027070297451972e-02
3.415877910897369835e-02
9.653165904500107808e-02
2.132206635323117411e-02
4.926691288067172603e-02
2.166904184479230902e-02
3.262575789497639683e-02
1.762073581481349641e-02
3.127659043300720643e-02
1.029984224538122578e-01
5.865733194890106195e-02
7.467803954743176820e-02
5.893495998373031453e-02
1.634506432985416979e-01
5.490440110984547151e-02
5.884340593047162477e-02
2.788763396755875382e-02
1.746434111143782206e-02
3.904377986281654112e-02
7.091097473432697584e-02
3.562126259072707218e-02
5.852592816210039350e-02
6.520790646068178043e-02
5.176664806541571989e-02
4.652070239311935362e-02
4.848317517728703563e-02
3.776822729603280387e-02
7.484688435676938034e-02
8.595063101426589358e-02
9.703762666141570181e-02
4.455152255195893307e-02
5.227829236693204429e-02
2.831071609318933785e-02
2.433002162238685068e-02
6.972935143082602261e-02
7.971435226956669062e-02
5.919557849929821952e-02
2.659087458759610070e-02
6.614517505043787660e-02
6.371953719218681478e-02
7.335258956571301392e-02
5.061522739664212067e-02
5.804795135881873902e-02
3.847937277964173786e-02
8.559267523310996884e-02
2.915184759445369270e-02
8.766301795685790821e-02
1.993063787008043236e-02
1.867782656176439696e-02
3.496592830166125876e-02
2.694518823466884525e-02
7.882359795069639186e-02
2.556105020040358097e-02
4.561072053979201707e-02
7.147015900945027922e-02
1.247401600715632997e-01
3.047401578634297004e-02
6.424072596193769469e-02
6.625574827500929631e-02
7.139885630733183719e-02
6.212622552933488168e-02
4.628051830443963982e-02
2.119004275176854593e-02
8.220744045490456509e-02
2.513402593649573941e-02
4.172640026232713600e-02
6.805843948613704564e-02
7.007115193716081936e-02
4.441510087216482550e-02
5.221491630512815202e-02
7.463061285653001253e-02
4.240732566348879434e-02
7.696531496654492044e-02
9.719198574306722738e-02
3.190341135106049969e-02
2.466770353795994658e-02
4.271621612869187790e-02
1.683859459915065804e-01
3.788952056101291960e-02
5.595386000130384702e-02
5.848317554805738949e-02
3.090402299351256710e-02
2.241608886869330547e-02
2.658271475399278869e-02
4.290866353535915945e-02
4.017608098699999158e-02
2.428914483426657459e-02
7.041178499620528997e-02
4.957282628420776188e-02
7.679089411590843406e-02
3.462786254193201546e-02
9.211607224095776092e-02
5.133918643206655807e-02
2.047207502505448903e-02
2.870235417764838495e-02
3.420911840773733364e-02
5.207572248722911606e-02
5.848917863451995325e-02
5.823593064110061529e-02
8.224595657465066934e-02
7.473053401997772904e-02
9.789408381679844118e-02
3.899910965449733535e-02
9.195807752258720880e-02
6.873789731401638847e-02
2.537563255039671298e-02
4.187455731357656030e-02
5.459869260493958876e-02
3.977357726128542825e-02
6.390814436420728939e-02
3.445369890432730536e-02
4.999378779152118674e-02
4.968483446807821224e-02
2.477646722444535807e-02
2.491594437698286396e-02
5.488672307930083510e-02
2.885629829764827653e-02
3.107863631252373582e-02
4.121857637159202087e-02
3.397291773555991684e-02
2.167576598234115942e-02
4.436636906939019076e-02
4.766276897992215156e-02
5.290199698188837590e-02
5.866870185997608012e-02
4.747034155444369852e-02
7.343704671455637822e-02
3.215297070192823375e-02
5.310103008749029324e-02
4.496450767685297029e-02
7.284058311519919782e-02
5.450783607631377869e-02
4.111019130895417206e-02
3.541139136829111328e-02
4.954223316804753224e-02
5.229541602934412170e-02
7.153717949311345914e-02
2.936698964441636361e-02
3.088418014258942704e-02
2.554883302264107647e-02
8.216468271326217432e-02
1.065630464514759762e-01
3.833422101724708042e-02
3.792171432053816765e-02
4.264698310022681932e-02
5.539886874601612776e-02
4.198992991890616866e-02
4.990034363361521563e-02
4.738784806436500963e-02
6.516983688142954922e-02
5.053106186488745544e-02
4.199579346851633338e-02
5.341065422007117147e-02
1.313540024658550187e-01
3.290501470344171092e-02
6.844112538799866641e-02
6.233490828214431623e-02
7.539155928549494401e-02
4.004135305622171653e-02
4.605456456359533629e-02
3.011090426143934323e-02
5.661632464289453187e-02
3.349881390302963252e-02
1.202065797872827330e-01
8.159189683715492580e-02
9.187366664003755734e-02
6.183122849640355911e-02
3.541369879694455935e-02
9.614326052989913274e-02
9.117882914399030869e-02
5.827991485509388669e-02
6.611145247204629205e-02
3.776702982470332010e-02
3.106299097030353756e-02
7.291081069624948119e-02
8.956590278595306931e-02
6.686460074307849777e-02
6.088424400765778122e-02
5.737062450373432709e-02
2.811584936100182744e-02
6.621539072700238782e-02
2.229402651871981167e-02
2.979391672384538656e-02
1.434056342960534358e-01
8.542081512815800914e-02
6.738065085553991695e-02
4.974969616986561760e-02
7.023867965575819605e-02
6.842779580991595334e-02
7.225146180688993280e-02
4.814673805878712937e-02
7.581689316089444686e-02
6.081125801715506901e-02
1.630914837165242937e-01
3.310153944006096610e-02
3.579280937591011735e-02
2.894512252062071689e-02
4.567210305263062070e-02
1.302751116256058994e-01
4.178825446108167668e-02
6.400280506124410296e-02
8.406459180353895166e-02
4.949460669419904202e-02
2.371054408925556134e-02
3.340716571306200783e-02
5.134323857093008731e-02
2.584735576239781743e-02
4.317185805036866109e-02
8.960919007622435151e-02
4.039083782355189917e-02
5.762222160501314500e-02
4.751578890873323080e-02
3.451489692505785301e-02
1.003481972279909457e-01
5.378983957554996781e-02
4.559973455919141133e-02
8.164922753041330139e-02
7.012738626342721049e-02
4.216387303318772789e-02
5.824942836753607689e-02
4.667149929467318686e-02
1.633555348817462838e-02
6.418665368463624676e-02
3.399347024282856761e-02
2.754284429851787397e-02
4.015983373934402939e-02
7.399301704493255194e-02
3.811370203502655041e-02
5.156955979261959588e-02
4.102139925188547781e-02
3.196109793772816676e-02
2.112547543404578662e-02
5.133627670862132841e-02
7.722820304785089907e-02
5.501991599931099763e-02
5.848934063992283772e-02
6.020384155618397487e-02
3.342906575778968603e-02
5.594984779178860390e-02
2.832011445878094766e-02
4.494832032520813120e-02
3.261500695085078894e-02
3.197835430130569617e-02
3.239765221161410025e-02
3.289831922981172746e-02
3.664974390813442034e-02
3.307865733390195212e-02
4.268710296459361786e-02
2.731903928408099119e-02
7.543841898276877622e-02
