7.140699531093540331e-02
7.785332746661154102e-02
5.596808625147357136e-02
8.674623213217101669e-02
4.916731540525060701e-02
3.380908995379564713e-02
6.337214890011400037e-02
7.589836509309577650e-02
1.005605664564005047e-01
8.081417818483994930e-02
5.347500760717562029e-02
5.470232738976767151e-02
8.378361933397510120e-02
4.565668263126936022e-02
6.694175095107526841e-02
9.514501388271894011e-02
6.196080432950370337e-02
7.678787659498395590e-02
6.365891198135195661e-02
3.728883286721435680e-02
5.363131611734773402e-02
3.483282070949247911e-02
7.837419150211882846e-02
6.044181811149885314e-02
3.251110972665897242e-02
7.800318291132977977e-02
6.867504663844163637e-02
4.976234357504496358e-02
4.889594560740710694e-02
5.549581379114372492e-02
5.073811998247960975e-02
6.517466062597720988e-02
6.345494905078211123e-02
6.472014920661953163e-02
5.018423297327070237e-02
5.743729194002033384e-02
3.718802831786497537e-02
3.956457602271446633e-02
9.817129027964242860e-02
6.946874383480643178e-02
6.142777143425313252e-02
6.238555678248226127e-02
4.555373137861380012e-02
4.569784215542879724e-02
4.780015275908175432e-02
4.471464334141771885e-02
1.120420140218745947e-01
7.830345582990437536e-02
4.973099123825059503e-02
5.634280643128099231e-02
3.935145399493929913e-02
1.103930974157816131e-01
1.331718635469994749e-01
3.829608087875069344e-02
4.525187464239227575e-02
8.194012328752156571e-02
3.875528978843439248e-02
6.599902497990531303e-02
7.898441257867896970e-02
4.563973561526326467e-02
4.640305348548091902e-02
7.027261068021388446e-02
1.725713093661040698e-01
5.711931664099244993e-02
8.787489904846015887e-02
7.336591006938439352e-02
7.021653922281405336e-02
6.195533537973696436e-02
7.245922667102439041e-02
7.013685940590963508e-02
5.930972579217333451e-02
4.434177691627163437e-02
5.884903980611237706e-02
9.749509319790410078e-02
6.662009857855963335e-02
1.351695960399954821e-01
3.929291123848175499e-02
6.169098793171659545e-02
1.242925293660758074e-01
1.011075860772356477e-01
2.545651300655408372e-02
5.623984344908224131e-02
4.110159364870326348e-02
8.032864021323532500e-02
6.210536575904429535e-02
6.000561549755094315e-02
8.584024361137711223e-02
1.321728823379067497e-01
7.282034370298441639e-02
1.099139877493472556e-01
6.091045685497177564e-02
1.336613350381144760e-01
8.140791179053409599e-02
6.445758940225652933e-02
6.618703938615315419e-02
4.261077850611024592e-02
3.622926854402891417e-02
7.808031634205758742e-02
4.455349596758948622e-02
6.717881639991690745e-02
5.482620162956363535e-02
4.135355151797809325e-02
3.715688678748448742e-02
1.134357248065276241e-01
5.321923974512472733e-02
8.809338667588863248e-02
4.473209881861641563e-02
5.065232361959205037e-02
4.544184197458043389e-02
4.674877436694992866e-02
8.094573934676595195e-02
6.770264031761870360e-02
5.146212576988806048e-02
4.661871855654765862e-02
6.068890738697657605e-02
6.794517128326138522e-02
1.058695735816025801e-01
4.715478061855744168e-02
1.260291658300298490e-01
4.763381716958424439e-02
5.143039927124955224e-02
5.222769358405929957e-02
2.420608924819165134e-02
8.253823553868612495e-02
7.864708045401920533e-02
5.650063967934810388e-02
3.700304654870643917e-02
5.480584317053645294e-02
5.244008832667615416e-02
1.189225957386815663e-01
5.704401480146038816e-02
3.924379644948790269e-02
6.641147420176034266e-02
6.569887284577520525e-02
5.202362898557174459e-02
7.057330758574306695e-02
6.061131373683440599e-02
1.261892906020667116e-01
8.814313655644737122e-02
4.756811440853390971e-02
6.957604805988444607e-02
4.114904100528053721e-02
6.805456854613350925e-02
8.521804105369494564e-02
3.458226567418029584e-02
1.216973763242694961e-01
6.926136496686449706e-02
8.814741419154435709e-02
7.006694612718696036e-02
8.468967184894066191e-02
3.532988575297332096e-02
7.839519650476345358e-02
7.889063899056342200e-02
3.377766576365680284e-02
7.023207885597877731e-02
7.535750645260737290e-02
9.183234979424531597e-02
5.313044080631942195e-02
5.878224356400940653e-02
1.113327113988754613e-01
7.419072504663887235e-02
7.843726976254680738e-02
5.591544252016832084e-02
4.520609965727114682e-02
5.333047305153949813e-02
6.913320860259219991e-02
1.227064177903317704e-01
9.524724596121818265e-02
4.709280576252803524e-02
6.734050221096803124e-02
4.726649451190080564e-02
5.518303643994700719e-02
4.717383596403450924e-02
6.972116043942151731e-02
5.747179939513260422e-02
1.011630090338378751e-01
6.187858463716421065e-02
6.336697117639221444e-02
7.241395504499451019e-02
7.369005178027869529e-02
4.570464888479024851e-02
8.150608821665369930e-02
8.690380936244672394e-02
4.134635989126776712e-02
7.731862950098934706e-02
4.830735457560936252e-02
3.275011864524847438e-02
4.791209409378581474e-02
6.078749227154380680e-02
8.357845129125388017e-02
9.128655117461857704e-02
7.459438625464263894e-02
3.234794869836103010e-02
5.962153832296965966e-02
2.989540576738166852e-02
5.294158625463048912e-02
5.884404956595568753e-02
4.728219005304757500e-02
5.345486350351223714e-02
7.345124245076808944e-02
4.281742128711931578e-02
8.122121851931887737e-02
5.629347776236320183e-02
8.927072236442859521e-02
3.893588790174221798e-02
6.537396519771231096e-02
8.246403036536341380e-02
4.722448845140998774e-02
3.311959713733463040e-02
3.225132630332078199e-02
8.491365824408170226e-02
7.067761146504551728e-02
7.391223778929503774e-02
5.238125364222543517e-02
7.806330020095388067e-02
3.824757982693877817e-02
3.458411968318794022e-02
7.663220865052033925e-02
1.068989113691404674e-01
4.288048936229053171e-02
8.401254252260360877e-02
3.541012567852654808e-02
6.339229479353022945e-02
5.002623921571289906e-02
5.552785484097386148e-02
9.202260612828078168e-02
1.037868613870745332e-01
4.716540013882010440e-02
8.486580208630903344e-02
8.093473664919917376e-02
1.276664839876671398e-01
4.935318189245917198e-02
3.918210668078449255e-02
8.275629358871844365e-02
5.716816252269909387e-02
5.710126128624271741e-02
4.083552923864824241e-02
4.749704330881628078e-02
6.833396213418166387e-02
9.076806258968342367e-02
7.648777703054797372e-02
5.251236897183678143e-02
5.285522123014547297e-02
3.818835420556583593e-02
7.304932598625629714e-02
4.938181332138077279e-02
6.384472946172498053e-02
7.279146476592689152e-02
5.377299687066833950e-02
4.517676486602188041e-02
7.014023387952016131e-02
7.553266608414657690e-02
5.171083138989379657e-02
5.414571306879596702e-02
3.976645091997633302e-02
6.024568973416168788e-02
1.187458142375624331e-01
2.571818829826266750e-02
3.847669553088798461e-02
5.149092010527477753e-02
9.031472683889567310e-02
1.321038861216840832e-01
1.196865958611097458e-01
6.805221554562268516e-02
5.737650183367224571e-02
5.610855740872790903e-02
5.045357043934626390e-02
4.077639086115583678e-02
8.420197149735675346e-02
7.203846529662147335e-02
5.964183683609766695e-02
3.506716792280803463e-02
5.973488316201017168e-02
5.647012851988648940e-02
9.861990761306595188e-02
5.630762104909973337e-02
1.081118616783030562e-01
5.320699556444764139e-02
4.618402337049704043e-02
1.100846464172854366e-01
7.650482122871789248e-02
7.056047545656050912e-02
6.242397952009332007e-02
1.124642704784566960e-01
1.300844833379463661e-01
1.227878589435788814e-01
8.087053885101144757e-02
5.983369746822340962e-02
8.877108558289817375e-02
3.399403012977451899e-02
4.145824034337625835e-02
5.402392281685638314e-02
4.346725887248761855e-02
8.172513971103097241e-02
7.704492764041359631e-02
4.715483149369625177e-02
6.003378697531570884e-02
9.095039572518812121e-02
6.562949654464172999e-02
1.074256000594673160e-01
4.614244762429386276e-02
7.688293402512332009e-02
4.716933023600364261e-02
7.059327938411762149e-02
6.953688980042706247e-02
8.378105220351494964e-02
8.772725609647362421e-02
3.057930385642573454e-02
8.087862028461582919e-02
1.271248846169460156e-01
9.633482457406063182e-02
7.438217228573880402e-02
6.011732386119507388e-02
4.426532878457186543e-02
3.500023930181182796e-02
7.475919006423017987e-02
8.219905719882071582e-02
4.145901942498934206e-02
5.816365564654548542e-02
4.453390452948958328e-02
8.631655620756388536e-02
1.202610007911626699e-01
6.530176300531692624e-02
3.270629297363580185e-02
3.228261483295962603e-02
1.067592677531707668e-01
8.345164140574766465e-02
4.054588199263890747e-02
5.462906226567298962e-02
5.078100126909967232e-02
1.344673875177922473e-01
6.558850650861620946e-02
6.033830718820806793e-02
8.139259837985554635e-02
7.599022324725601685e-02
3.758824593648042722e-02
9.244945450358056649e-02
6.872825722365692724e-02
5.929490645263926080e-02
8.460584448370961352e-02
2.992058342630453394e-02
6.568112759713105875e-02
3.627397045993737551e-02
1.186273038683530734e-01
1.202671636747279088e-01
5.057602329387094614e-02
1.307042495729072995e-01
6.404397543567551254e-02
8.453989770013727034e-02
4.596902440088860425e-02
7.144731385832603365e-02
4.903560636931883487e-02
4.970833189690843784e-02
1.290506262758320533e-01
6.234678624315068834e-02
8.038238024163779638e-02
2.713119726762461964e-02
4.530603063944295406e-02
5.186775433317437900e-02
6.427130759860148757e-02
4.371057168763317624e-02
3.352145544821015510e-02
7.569567770589437361e-02
5.664458093377400943e-02
7.271610717581004912e-02
1.243092249935513621e-01
5.742715521991880595e-02
6.998491238347291643e-02
5.384845560880916621e-02
3.640080164499763515e-02
5.993774771410739777e-02
3.091005081486184955e-02
8.416180732897075856e-02
1.020039886037460292e-01
1.090992066396293397e-01
3.617418683396690648e-02
1.085688729124569263e-01
4.940136295963325902e-02
7.498985046422732004e-02
4.660372505415508876e-02
6.549440372853965187e-02
3.703136521883390597e-02
2.882950613409286655e-02
5.755900011030881669e-02
1.595055847531756943e-01
7.010926670858053100e-02
5.181861611115905902e-02
8.398814348131070084e-02
9.841232835194457795e-02
7.615855022087192339e-02
5.896057359170042006e-02
1.069330770517129409e-01
1.061488114570324909e-01
3.864217042577064443e-02
1.063866934032186989e-01
5.200939239160476402e-02
8.430762872184506540e-02
4.767825411108477657e-02
3.315830706512567366e-02
4.563586007402425926e-02
1.018445053531547018e-01
9.217093171565442222e-02
1.217239230343192119e-01
4.691126739768602949e-02
5.136405146099080193e-02
5.948591357478139052e-02
6.055810925848120058e-02
1.197803433226561770e-01
5.962985425669608402e-02
1.088323972043209464e-01
6.902730371481057003e-02
1.156504426874868652e-01
6.380433623913585317e-02
5.688026912183179878e-02
4.394496450365137363e-02
8.381430671082262807e-02
6.170493043383491749e-02
3.259116892279796673e-02
7.072751101127813800e-02
3.529973899098467344e-02
4.024767684676125445e-02
3.091321163807193503e-02
6.813321715803220824e-02
9.088153173741997382e-02
5.098988382528288343e-02
4.270312214357156050e-02
5.870938778275982400e-02
5.070832104805087642e-02
3.018852697089924667e-02
5.664488257417607531e-02
5.841588475785656348e-02
1.479681280255973896e-01
4.690875594657656356e-02
1.085375502490946026e-01
2.847567035710795932e-02
3.286214927108910971e-02
3.016930846399857452e-02
1.138934375707165714e-01
7.472436563540452159e-02
9.741538430230776979e-02
3.528745499183359724e-02
4.094191077398925266e-02
5.360796568988592664e-02
4.541642463308515065e-02
4.438073259311319657e-02
9.587943868346301968e-02
6.454063852244457111e-02
5.814239813745637059e-02
6.461918866722154986e-02
4.097659291615898119e-02
5.419956301177657199e-02
7.361832001091653255e-02
7.072366863649773294e-02
5.080258797594085912e-02
1.024064385017086354e-01
5.606087352888480119e-02
5.107351330436903786e-02
3.985288579031504713e-02
9.729745116197700827e-02
7.686797120267148398e-02
7.845083576057586272e-02
3.104777850026567074e-02
4.580985098172915548e-02
6.573207190427127200e-02
1.731325004717484684e-01
6.317852944797226755e-02
8.177570506797385286e-02
3.996503283996297173e-02
4.756041116817424225e-02
3.395193677589941617e-02
6.162292111763116587e-02
6.568440527223677605e-02
6.217518405515221058e-02
6.948445312491381698e-02
4.657467100768488549e-02
4.081073180611619056e-02
6.637053532972468639e-02
7.218358757007212190e-02
6.175022900287484989e-02
5.145006381659342903e-02
5.860150088304655336e-02
8.684270826217808936e-02
6.925855293042773586e-02
2.772424427933417243e-02
5.271584645298506983e-02
8.225971519888670980e-02
8.761885735744852355e-02
5.238095129215071533e-02
9.011606147347483997e-02
4.727724374028918763e-02
7.992722174771127452e-02
5.071115193478337169e-02
4.383131183672635961e-02
3.206103937283313193e-02
6.966061400213652277e-02
5.807904808952280007e-02
7.592197015044119257e-02
1.159290972706728262e-01
4.432927101402732439e-02
3.794156350697846375e-02
5.082916835421610185e-02
5.827621910586578552e-02
3.107933340933356076e-02
4.729472065598471636e-02
6.275026346854155335e-02
7.956739629031331362e-02
8.579327199139157034e-02
5.230641601243729566e-02
9.537125517041966649e-02
4.336859198414843436e-02
8.077797235829849154e-02
6.496365617394003755e-02
7.189448136711945603e-02
5.735316721858690903e-02
8.243910277540948683e-02
5.497023916849765046e-02
5.245471948221974018e-02
5.588769310119273692e-02
8.041467698765070171e-02
4.689544386670828346e-02
5.784792009655963935e-02
6.133578298366331588e-02
5.037157297733392547e-02
4.681567727095066467e-02
3.269262816671802963e-02
4.264502058401811735e-02
8.282842618212214736e-02
1.029658709559852781e-01
9.567498298086972441e-02
5.695965314229125415e-02
5.314975241317623084e-02
4.595028267686573215e-02
6.974904569312431746e-02
6.138558429161869445e-02
1.135868347997780609e-01
8.211558063084996306e-02
2.891638945158955462e-02
3.356746416506394687e-02
1.102417051474070958e-01
1.560388077348767999e-01
5.184849631962692301e-02
4.628989567913482234e-02
5.248178043544699661e-02
1.407565293041792842e-01
5.187455966553032594e-02
9.924925205660280192e-02
5.250518668207897893e-02
1.196857535334010098e-01
9.606351176406323356e-02
9.781900816173814961e-02
8.106832655691946499e-02
6.903868943043307838e-02
3.365277110952991091e-02
5.348967483191551658e-02
4.327529281103883324e-02
5.634796276448631597e-02
7.518329271260464075e-02
9.387537313522928417e-02
7.706125411264108660e-02
5.528219407039487027e-02
1.159492831309189842e-01
8.338617550873404782e-02
1.040836003570506235e-01
3.253382332032262597e-02
4.416318520246534374e-02
5.994485364011725714e-02
5.434453564592473668e-02
4.391066607402187988e-02
2.786999836498826877e-02
4.971693301101684503e-02
6.142184880092715210e-02
6.186517560161151896e-02
8.559764068383482472e-02
7.738303822174551205e-02
7.566338915245847396e-02
7.219808852063258620e-02
6.609699341504066128e-02
4.076156492325179459e-02
2.974093325645306082e-02
7.116650680629199588e-02
4.969817815154495277e-02
3.983795994547176256e-02
6.379150334886697638e-02
4.617643214199258772e-02
6.269919037223030400e-02
4.843051095732078815e-02
4.558747635962708683e-02
6.349697026245716691e-02
5.653129318396735159e-02
3.395491222809698950e-02
6.086851460441422557e-02
9.028302887010671018e-02
3.244327044335403032e-02
5.983385277045786405e-02
4.634354625001514683e-02
8.731310481458103012e-02
4.123163923734687875e-02
9.629718355691821441e-02
5.580415751488908283e-02
