1.662317849250247561e-03
1.118208925934620736e-03
2.405895424926715685e-03
2.426319528453098253e-03
3.753362308967436809e-03
4.035604660494333633e-03
2.861280862662340767e-03
5.419891068680020470e-03
1.229432875557361126e-03
3.372175867221645015e-03
1.269842722242545477e-03
1.816965194600479207e-03
5.539712295014055307e-03
3.107495938777253899e-03
1.572663573615434634e-03
1.188750198880434176e-03
1.102107183224416932e-03
1.434879348240742335e-02
1.873361075176383818e-03
1.557939188592066381e-03
2.470050513717864799e-03
1.938414033067666726e-03
4.931837845974998934e-03
1.332055646188272553e-03
2.919119835157642229e-03
1.792896159505225420e-03
1.971944267186935551e-03
3.285282976639043988e-03
3.305044936078238398e-03
1.105637153696054824e-03
1.187482088905935903e-03
1.694696242039320537e-03
1.062338049591923577e-03
2.516248055148591865e-03
8.948577311856442673e-03
1.670396316956769545e-02
1.426770776599320823e-03
2.015057324271011738e-03
5.199814015963714377e-03
1.211295541134462580e-03
8.958665712449478740e-04
1.000001848497770497e-02
2.252973225908385876e-03
3.022265252568019124e-03
1.623466652524428212e-03
1.056065227455762513e-02
2.851074084522349939e-03
3.614775015911385683e-03
3.393908315557310484e-03
2.680858309389000469e-03
2.049053189272634790e-03
3.259970057346532959e-03
1.742187840736151129e-03
5.067480711413640745e-03
2.271683192483838973e-02
2.678969286493162755e-03
3.198668969874396938e-03
2.036139120972973570e-03
2.395665949706516067e-03
2.870076055131873510e-03
3.357827266265440546e-03
2.608799048378397829e-03
1.219350396330862001e-02
1.164512717608289991e-03
1.818501287497220403e-03
2.238678730982651601e-03
3.261600116139888855e-03
2.667582502674874321e-03
2.149638223784812886e-03
4.091932827655735995e-03
2.537098330810250938e-03
3.008899021608150374e-03
4.262115475326268277e-03
1.340237196594020993e-03
3.062116896542360894e-03
1.131695265254863830e-02
1.873948478503258564e-03
6.366462386694499154e-03
3.188408194399636360e-03
4.236306201115056479e-03
2.151183675806227474e-03
6.045498771639594947e-03
1.001457657335404509e-03
1.345997844727570697e-03
2.288678255616922747e-03
1.936303460500231810e-03
1.551192765092157880e-03
3.577047803328747139e-03
1.435670956218119661e-03
1.045941917723029616e-03
4.954100570590733860e-03
5.030895272348211329e-03
1.027070754098049522e-02
1.742203354971672610e-03
2.507372976542493904e-03
2.771939200408840738e-03
2.832676853866891373e-03
2.859365295918621201e-03
1.156136593778365985e-03
1.096145022248316489e-02
2.155865874138852313e-03
1.853316612900575162e-03
5.841840967005876468e-03
1.078750351682957083e-02
2.676905376667414529e-03
1.346428753298331256e-03
1.465930615298267686e-03
1.348371006618644119e-03
2.339243946012229021e-03
1.916806573869310644e-03
1.307382137825678116e-03
5.433620018293171781e-03
1.813577433848023940e-03
1.662228240195943833e-03
1.059536302740747907e-02
2.128208735921309491e-03
2.481559303598937592e-03
1.655182682963203620e-03
1.863121594794153084e-03
1.487883465520510986e-03
3.099239001875106134e-03
3.732018797370149649e-03
1.262238843600648050e-03
3.258900939503775462e-03
1.478860254281077124e-03
1.113869601968378977e-03
1.136253016730013254e-03
7.927687657357839271e-03
1.502842718562635935e-03
1.611192474174473997e-03
1.019500416207483502e-02
2.236950160079248604e-03
3.531386965103373594e-03
3.300251270413603541e-03
2.094378386193973974e-03
1.217001411779870292e-03
1.693627597352564832e-03
2.773826877376938099e-03
3.456918772181875096e-03
1.672173854030348282e-03
1.708400299166787156e-03
1.678957268985929036e-03
2.323331502737295898e-03
2.404600689396917384e-03
1.354281975534780058e-03
1.814840186371021336e-03
1.353095555335427072e-03
2.539712576848727598e-03
5.950992377934723881e-03
3.533844612115293743e-03
2.452261713140340034e-03
6.733921994273125121e-03
3.622795082417492804e-03
1.744647282623210420e-03
1.672229930724141974e-03
1.236203802388897250e-03
1.178329485300785547e-03
1.218516280308116779e-03
3.469007128076833507e-03
7.164732273670923642e-03
3.510895659109437589e-03
1.624045816232916502e-03
1.312349961756282450e-03
4.568605593288132052e-03
2.118535836473519306e-03
1.542050311986833174e-03
3.479826946818799244e-03
1.651649417815190691e-03
1.558317455114157550e-03
1.585527345230304400e-03
2.902565076641831516e-03
1.659690730241915888e-03
1.300884577399914538e-03
8.617904233654528900e-03
4.530719865334576456e-03
2.481286571460841837e-03
5.226086840313711422e-03
1.406347535982577397e-03
5.992786719973336104e-03
1.763293394991918492e-03
2.259719841461737839e-03
3.612554021925031261e-03
1.361225761797232262e-03
3.594827331034144632e-03
5.067292568698441788e-03
3.217131321255506816e-03
2.499921801513296706e-03
7.620223772908339514e-03
2.448187036417947323e-03
2.843997016071588089e-03
3.527743307248231482e-03
1.961421129844262597e-03
4.385771674763264474e-03
1.529968837925953055e-03
2.629440680661009576e-03
9.767372507363083264e-04
2.936735932632909916e-03
9.366619452767216804e-04
1.097705891524313393e-03
1.525188167490263867e-03
