2.125511675152461782e-03
1.468142558123333762e-03
2.904715612785692836e-03
4.416129076177203842e-03
5.436771013605653027e-03
5.632348910014513960e-03
3.058733840639932342e-03
6.954395271417095764e-03
1.344705361695294884e-03
3.756618876309829585e-03
1.620053063526137680e-03
3.262914814314449210e-03
7.990370561967666957e-03
3.602550857559630882e-03
2.693980526604234510e-03
1.278881510623882094e-03
1.195433427592613312e-03
2.429389646648874926e-02
2.490435426288529260e-03
2.087794183989877175e-03
2.959127480723563151e-03
2.351435594736412272e-03
4.601059472614740971e-03
1.873835613231126813e-03
4.360449679476499987e-03
2.633007182833371849e-03
2.565104949918756844e-03
4.180321936579321773e-03
4.065121560467887044e-03
1.907527969488632177e-03
1.696602866238550470e-03
2.002838589860730413e-03
1.668867090497683659e-03
4.322209131316339346e-03
1.811127220750575681e-02
2.540511099677003268e-02
2.420785984625420644e-03
2.493231225681946054e-03
5.768392945028671427e-03
1.818390178223571558e-03
1.322663395214419965e-03
9.857198965045993813e-03
2.623901193045838527e-03
3.885591218011946475e-03
2.327918996704608605e-03
1.659933147279223087e-02
3.521272601057646567e-03
3.129176736272724219e-03
4.260913131476623712e-03
2.277985843062746950e-03
2.555920978411361632e-03
4.361642378049899321e-03
2.367885478466164387e-03
5.022744084418288325e-03
4.515804839586687325e-02
3.416035704145338817e-03
6.026357148072741983e-03
2.675102639137329815e-03
2.938396333444947672e-03
4.375472477320490466e-03
6.763597565606238593e-03
2.855276406692595307e-03
1.271088478484122368e-02
2.374971811071327748e-03
2.178157691310575635e-03
3.308766464506908075e-03
5.258705946054945124e-03
3.026376736789148682e-03
1.920831372121223173e-03
1.138591725187747261e-02
3.533000756815331007e-03
5.232897652839345326e-03
7.077779006097323355e-03
1.818219886522115308e-03
5.389972662557807916e-03
1.121776393938860722e-02
2.583606612801798031e-03
1.008023253358236726e-02
5.845553670252955428e-03
4.942233937633277313e-03
2.914768106033215067e-03
1.009989234977017730e-02
1.280465332196198663e-03
1.948702997398500886e-03
4.491215143185752975e-03
2.259281514917289499e-03
1.999736407994687302e-03
4.257686200100433728e-03
1.842395715016399097e-03
1.449409214945569400e-03
7.137541213188353974e-03
5.219707285312218809e-03
9.753227457776576792e-03
3.158118278926587679e-03
3.145681137398313645e-03
4.975137850401227871e-03
4.438012288868911290e-03
3.066854679250904589e-03
1.678522405164869754e-03
2.104539084320696321e-02
2.253468291774421688e-03
2.132653094619092488e-03
7.126884069599078234e-03
1.581452072440798357e-02
3.668260834766597436e-03
1.648568702245165876e-03
3.725525045762571180e-03
1.599302715168119315e-03
2.598280497854466107e-03
3.217493784680453082e-03
1.437859384823931067e-03
8.074051690828157324e-03
2.429779587695600485e-03
1.926989057560621029e-03
1.080581312352975852e-02
2.656716453138582151e-03
5.863498421344680474e-03
2.267959573440991687e-03
2.885538320834229835e-03
1.704186840269996924e-03
3.443043947319021636e-03
5.610921094294320233e-03
1.659917476372902399e-03
1.335996843651976636e-02
1.845930725936260073e-03
1.525427447916466277e-03
1.996638050775885898e-03
1.083388270050820133e-02
2.714410311827764564e-03
1.950855278033595749e-03
1.017231048202118550e-02
3.308255334476513723e-03
9.470822843713406700e-03
4.422852761575196689e-03
2.809516046170879369e-03
1.463859976575028823e-03
2.392073267572345559e-03
2.760348042655767515e-03
3.777451389248287928e-03
1.886271667159812766e-03
2.051731773663332398e-03
2.259078563625428315e-03
4.891294239945298029e-03
3.290868866463271102e-03
2.657975636895701464e-03
1.788943100072073978e-03
1.714512584936363953e-03
2.704399623822544094e-03
8.207736952678320111e-03
4.838059154448771937e-03
2.787875701278644085e-03
6.771548328450052376e-03
4.693515213890669599e-03
2.156289460811882178e-03
2.113487213113772120e-03
1.597852021836752758e-03
1.159630190370121612e-03
1.207988273124192434e-03
5.381225955927653772e-03
9.557766569904114010e-03
4.862229265850772850e-03
3.007847901212297621e-03
2.008935298686225814e-03
4.727932983882122270e-03
8.593057452020465628e-03
1.645290820662954467e-03
6.510238413707748403e-03
2.117594905124939395e-03
1.837680480456938296e-03
1.923305472160582270e-03
3.481451841663706602e-03
2.573752124731044835e-03
1.627781882665409532e-03
1.616291364911729908e-02
3.903524129043330071e-03
3.116407008830852140e-03
9.920036070198354206e-03
1.961682809534613572e-03
9.160284893564709513e-03
2.286299229507506633e-03
2.864754976125214684e-03
3.006654334991263992e-03
1.265691781078196040e-03
4.413718515440160674e-03
6.105954651902240765e-03
4.755681179514577132e-03
2.848007605343225689e-03
6.480665748309991266e-03
6.332830638892961335e-03
6.066389239315062715e-03
6.050892572682148654e-03
3.431668911296438182e-03
3.728724048175241241e-03
1.732589114581102293e-03
4.698937247871236809e-03
1.567628978878482342e-03
4.148696350163905144e-03
1.378635512630416648e-03
1.752756882230453468e-03
2.746073521381779681e-03
