4.192295547120600090e-03
2.566075505568806564e-03
2.288655073153887578e-03
3.495275423029968638e-03
2.892092452336885930e-02
2.347332638642423818e-03
2.004715355125357562e-02
1.139372049116206542e-02
6.539971883840913110e-03
4.904044481546719798e-03
1.712159230623714126e-03
3.174086102465233789e-03
1.293032078869407395e-02
6.159967136074297363e-03
3.071359061255889752e-03
2.516820655088130784e-03
2.129934022188778153e-03
4.030414844971679650e-02
2.723323454953394118e-03
1.800053872472482958e-03
5.969228276050968576e-03
2.691976880274290530e-03
1.160205640052803036e-02
4.702824634413119674e-03
1.728522438797562002e-03
2.967746768064068782e-03
2.772460379274401844e-03
4.352391372463876307e-03
4.616244325271104572e-03
8.676419699277027660e-04
1.402433274008062789e-03
3.524817418145973543e-03
2.797123348945548121e-03
3.809315881206886724e-03
1.573412355565522933e-02
2.332932682969857813e-02
1.925193612431142865e-03
8.562371611154740575e-03
7.092054518711331246e-03
4.946879768993932280e-03
1.738358340076107860e-03
8.479142541372585926e-03
2.873727524717932698e-03
6.187034063792319627e-03
1.893450784558546249e-03
2.123634680578989978e-02
3.189617460336013292e-03
2.888363664949916872e-03
2.572010871168911323e-03
6.526906389149357557e-03
2.764342576380069468e-03
3.463701627215726424e-03
8.535444771272139575e-03
7.595526678885904104e-03
1.460992136565475788e-02
4.951032632117943234e-03
2.023775016468692522e-03
3.407503275659454125e-03
3.100806954302214296e-03
3.423590848045099215e-03
1.274027886690220698e-02
1.010073585786215762e-02
9.801286994375777231e-03
1.168480602403052957e-03
2.775848144353350918e-03
7.566099460673278779e-03
8.919909376252114705e-03
8.485098757906494454e-03
2.994842376327068630e-03
2.987788079076664823e-03
5.534171037574399377e-03
2.814882883458690206e-03
3.698323984805234211e-03
4.822476310764494019e-03
2.083072596125763384e-03
1.090757232817785721e-02
2.007142046176647529e-03
1.114680668560189859e-02
1.015176399922515862e-02
5.361004895347889522e-03
4.797912492429553394e-03
1.854932173487611885e-02
1.979787814548135318e-03
4.317435731377087041e-03
6.549401287892786701e-03
3.958689500677503408e-03
1.977209056201062205e-03
3.051018636354721047e-03
1.197297796224633263e-03
2.416292858381898553e-03
2.682733968522882373e-02
5.878252320322165103e-03
1.686506694876345816e-02
2.227799415761995937e-03
5.352439280508080807e-03
6.107310763858246963e-03
8.019583362912637708e-03
2.847834495610865758e-03
2.350183136713172513e-03
7.903488377204590659e-03
3.272128355532438141e-03
2.114593955880481220e-03
1.617159617220844878e-02
1.261524535745619027e-02
2.483262292653109615e-03
6.589654346466485187e-03
1.057212042180991421e-03
2.626930379516558348e-03
4.211998890287970733e-03
9.452901721801919982e-03
3.453699842279651586e-03
2.845700869878534101e-02
4.061342362727071373e-03
7.600679332772978386e-03
1.057580761982338836e-02
6.190262475284838591e-03
1.513654598710899562e-03
6.972191726244462984e-03
2.616530439570105299e-03
2.170690534663380269e-03
5.232195317393037448e-03
5.792870390657967224e-03
4.441109869982210780e-03
4.566573605152938163e-03
2.715324876649382289e-03
4.685321901069527256e-03
1.736192268115229788e-03
1.230497883638749686e-02
2.014192072329031372e-03
6.172553843656919392e-03
1.807722907407905560e-02
4.132056775280028814e-03
7.084270698504671789e-03
1.179171303022680771e-02
6.134333360931328721e-03
1.547644208406396887e-03
1.990505377636487237e-03
6.632247399896932377e-03
2.437431171249233863e-02
6.512421161379228565e-03
3.830416358062836875e-03
7.106754069943346970e-03
1.838351985462369697e-03
4.566049332964609853e-03
1.888424452683741929e-03
1.015812490147818825e-02
4.714734342899180343e-03
4.236640600570636475e-03
4.802985683809921080e-03
6.080667006103549627e-03
6.517722987915670375e-03
1.648412780152613485e-02
4.795345372350505800e-03
1.325972237820243101e-02
1.808424668542437655e-03
1.867532884293549066e-03
6.444470491649518726e-03
3.330616599565555409e-03
2.014445791785382522e-02
1.490938164038300290e-02
5.453159610864403289e-03
5.290437660538125329e-03
2.837017570586157587e-03
1.187510213589163151e-02
1.592835067454131818e-03
3.581437666903997986e-03
3.350269360905066586e-03
2.894476472473250187e-03
3.319898491184543506e-03
1.695832230378037158e-03
2.210742466027125659e-03
4.446590701666850755e-03
5.309735638608553514e-03
4.769006394170318894e-03
5.387015943857885285e-03
3.886660036019389409e-03
1.087932318167092287e-02
4.467683373433161201e-03
6.140742177136128931e-03
2.910477574965132652e-03
4.085584542934849600e-03
7.235719482120011280e-03
6.653232557492820380e-03
8.889702424184466392e-03
1.387403084942494952e-02
7.592087458149356094e-03
7.672524450776566259e-03
1.283662893098714945e-02
3.335542602598393861e-03
5.131871288934763790e-03
8.859964815259899207e-03
3.608960753103002735e-03
1.062438825879969372e-02
2.313119013689747885e-03
4.037505098526249919e-03
1.182007292538155875e-02
6.069197643440243060e-03
3.209466853991777262e-03
1.420573155480709965e-03
2.846113211198644452e-03
