5.043411065762756600e-03
3.467767305396781286e-03
2.987946163879263463e-03
5.838409395750022296e-03
4.129614275887250052e-02
3.232665783918829607e-03
2.176944012864730563e-02
1.492226723744564595e-02
7.174886855046087863e-03
5.575538781891765418e-03
2.233001795103559898e-03
5.168499274389026267e-03
1.819992425237857564e-02
7.452053264690236892e-03
4.916834600039242387e-03
2.852227371932216510e-03
2.474555378449077876e-03
5.871030712676892499e-02
3.695614031221498754e-03
2.605377430633945470e-03
6.949339020854331840e-03
3.324319910715758074e-03
1.131653042763277120e-02
6.394896303157877882e-03
2.578497747070353837e-03
4.482157629139325340e-03
3.717676194361668306e-03
5.253315985825402802e-03
4.953061165588121262e-03
1.464975186972259378e-03
2.086261405608687107e-03
4.269295472395372160e-03
3.963228921048531778e-03
6.266309368482110564e-03
3.002897043358383061e-02
3.357606559187300416e-02
3.307670460604462959e-03
9.982231753725867573e-03
8.378090128335513587e-03
7.114557500891003673e-03
2.387355369819763647e-03
8.672421586620767189e-03
3.670145415274696666e-03
7.981848037478190411e-03
2.555805255200186907e-03
3.099040381276712067e-02
3.958618118365484634e-03
2.678657754200939201e-03
3.410712438952512131e-03
6.032422794416366849e-03
3.519622686284312393e-03
4.829969148305356640e-03
1.180044552772323459e-02
7.460526574870215109e-03
2.776022037332123715e-02
6.224199402722328280e-03
3.469228671251536975e-03
4.135876264776468247e-03
4.022232133364267263e-03
4.918347251164727034e-03
2.461366947580459486e-02
1.179926334820339748e-02
1.115105766827383625e-02
2.322619662632322435e-03
3.505681130808076685e-03
1.119133317564634071e-02
1.479655326251531899e-02
9.106770100220063294e-03
2.718692728074765825e-03
7.336086074548538692e-03
8.175434180490489394e-03
4.477498725414493994e-03
5.763498878901819091e-03
6.458907561345720617e-03
3.296486175216295413e-03
1.210254328362639527e-02
2.667738765436228517e-03
1.760779010571476497e-02
1.804452845694735214e-02
6.222663496454300218e-03
6.489525499456564109e-03
2.819598558724543264e-02
2.508649324171561071e-03
5.978801847786777146e-03
1.073655390386444100e-02
4.887645737213310720e-03
2.545591690133963692e-03
3.946453509563452137e-03
1.555971183030719013e-03
3.290772687877575181e-03
3.615947014182684799e-02
6.073696001276029585e-03
1.728061661321464437e-02
3.798291941651518126e-03
6.581332176514087702e-03
1.047574834216040765e-02
1.307121748784069969e-02
3.059366041420905763e-03
3.360869246365252687e-03
1.438104725090312390e-02
3.557670316744772961e-03
2.471348237472288743e-03
1.908484467767094031e-02
1.828557192238916898e-02
3.675248559788176200e-03
8.489191661932363187e-03
2.362353381301564737e-03
3.112345889617283354e-03
4.746831491364896655e-03
1.469639852262087133e-02
4.143314237869381682e-03
4.068069910294958014e-02
5.507008000467258912e-03
8.751240994695793154e-03
1.068265062252994960e-02
7.863908879227308329e-03
3.528881227682821153e-03
9.703903750777552809e-03
3.954080927319161137e-03
2.604820963851257366e-03
6.227634614901082430e-03
9.019308289547932692e-03
6.166807274273582856e-03
1.716627551172164243e-02
3.603147987968938551e-03
6.262407662094120198e-03
2.888890949019941486e-03
1.683145165584258585e-02
3.652125193683667618e-03
7.052500559147154534e-03
1.665951692146179497e-02
6.105487972166721844e-03
1.739271887708785172e-02
1.612607273357454310e-02
7.822405974599681497e-03
2.060369824287114088e-03
2.716281663349044175e-03
6.828818896081664987e-03
2.803151038288696079e-02
6.986968702832409110e-03
4.511997189185484348e-03
9.619250778006275052e-03
3.551874533327910918e-03
6.400183312622594739e-03
3.601142371064561774e-03
1.089472433974526290e-02
6.196932317581210076e-03
4.340414207353398245e-03
6.473983537605569431e-03
8.782141822096354786e-03
7.316801621113333022e-03
1.599443160167041481e-02
6.172003154811573841e-03
1.599868279210712313e-02
2.347111807694772859e-03
2.402225889962565034e-03
7.050778736072582827e-03
3.534101968889683757e-03
3.275958127409774739e-02
2.074294846730106653e-02
7.576386566065768102e-03
1.017310886094994864e-02
4.217916738233614370e-03
1.315068383802482470e-02
5.411062189970142385e-03
3.840268547690053012e-03
5.971370136381466166e-03
3.515588146372569060e-03
4.184537302485423320e-03
2.133591811195300822e-03
2.827021071733835759e-03
6.850198984629939265e-03
6.772559383848268319e-03
9.272124385757168907e-03
5.053505596947187664e-03
4.897062317533120226e-03
1.941928104869884708e-02
6.451825554649013791e-03
8.873056050865853889e-03
3.829619150130813849e-03
5.104247330861885756e-03
6.343081803261417864e-03
6.563496985721756216e-03
1.073950152275880005e-02
1.610721125626064093e-02
1.129991857840662202e-02
9.410197337820822017e-03
1.126889187764440296e-02
7.546153117175837498e-03
1.045777982979429442e-02
1.530103022120138552e-02
5.751824322850844148e-03
9.486682777167262590e-03
2.817380135662547573e-03
6.849893691315191852e-03
1.849599924360131181e-02
8.718863724334953436e-03
4.760976063195121975e-03
2.284676922673883285e-03
4.563743895033597030e-03
