c:\Users\86151\.vscode\extensions\ms-python.debugpy-2024.14.0-win32-x64\bundled\libs\debugpy/..\debugpy\_vendored\force_pydevd.py:18: UserWarning: incompatible copy of pydevd already imported:
 d:\Anaconda\envs\ael\lib\site-packages\pydevd_plugins\extensions\pydevd_plugin_omegaconf.py
  warnings.warn(msg + ':\n {}'.format('\n  '.join(_unvendored)))
[*] Running ...
[*] Average:
[ 2.40382992e-03 -3.01505562e-04  1.04247695e-03  1.26992296e-03
  2.11878462e-03 -1.18767742e-03  7.28336294e-04 -5.22184909e-04
 -2.48510684e-04 -3.52836613e-04  3.95984393e-04  7.00204287e+00
  6.99965966e+00  1.99974634e+00  1.00011886e+01 -5.98641813e-04
  6.63570060e-05  1.29995160e+01 -6.20400175e-04  5.82212864e-04
  7.99812477e+00 -1.20181805e-04  1.00076061e+00  1.01425070e-03
  1.35195027e-03  6.05851438e-05 -1.40140202e-04 -6.49522731e-04
  1.31928220e-03  1.05805636e-03 -1.11177482e-03  4.58362676e-04
 -8.14275100e-04 -1.83355462e-03 -1.36017944e-03 -5.13141132e-04
  7.00061463e+00  4.00105326e+00 -1.38207642e-03 -3.38676561e-04
 -2.93271502e-04 -8.51880518e-04 -1.24017296e-03  1.83798301e-03
 -4.71417514e-04  3.99908753e+00 -1.60837727e-03  7.15249855e-04
 -4.94000450e-04  9.54844468e-04  7.99978844e+00 -4.01860506e-04
 -6.87919682e-05 -4.79224777e-04  9.17313708e-05 -4.15925518e-04
 -5.07219810e-04 -3.01190870e-05 -7.30581439e-05 -7.18926935e-04
 -1.34719215e-03 -1.73419005e-04 -3.98397313e-04  6.91789713e-05
 -9.65867376e-04 -1.11473323e-03  3.99909653e+00 -2.04154368e-04
  4.99985691e+00  7.99942275e+00  9.38273172e-04  1.10010281e+01
  1.12665670e-05  6.99944433e+00  5.99990515e+00  8.86714607e-04
 -6.90250932e-04  7.00082563e+00  1.49994365e+01 -7.38722338e-04
 -9.34926537e-04  1.50015357e-03  4.60921242e-04 -1.05801286e-03
  3.70085749e-04  1.24665719e-03 -1.69237629e-04  3.93780149e-04
  5.43547800e-04 -1.63806648e-05 -9.06858091e-04  8.26265166e-04
  3.75876155e-04  3.90669914e-04  3.00018065e+00 -3.28015973e-04
  1.00095852e+00  2.00186396e+00 -5.50009460e-04 -8.72949472e-04
  1.40017843e+01 -1.62815407e-03 -1.54235932e-03  3.00010136e+00
  2.99944811e+00  4.84206997e-04 -1.85853186e-03  1.79987484e+01
  2.57394982e-03  1.17320050e-03  1.06242549e-03 -5.84468243e-05
 -1.77225116e-03  8.12447266e-04  8.53575904e-05  1.65832006e-03
  5.80054838e-04  5.25431052e-04  1.60380589e-03  7.02379750e-04
  1.00032464e+00  2.28548343e-05  1.49472645e-03  7.99220781e-04
  2.15981231e-04  6.00011388e+00  1.99853525e+00  8.00086267e+00
  1.02021265e-03  9.99623946e-01  9.99682760e-01  9.99579018e-01
  1.19981971e+01  8.00009556e+00 -6.87592685e-06 -7.45835581e-04
  4.91558321e-04  2.33127083e-04  1.17044531e-03  6.54028644e-05
 -5.77103378e-04 -4.89205085e-04  4.97797450e-04  2.33493334e-03
  6.00398341e-04  1.18603406e-04 -7.94732481e-04  1.76429277e-03
 -7.27988118e-05 -6.67239286e-04 -3.05765771e-04  1.00022919e+01
  2.99975881e+00 -1.20114536e-03  1.00014481e+01  6.93610877e-04
  9.60562421e-04 -5.46551193e-04  1.29982991e+01  5.00052229e+00
 -2.08878980e-03  9.62864651e-04  1.92286957e-03  7.35221819e-04
 -2.62589311e-04  1.30284517e-03 -3.09990851e-06 -1.05783254e-03
 -9.56109989e-04 -2.62225841e-04  8.81409826e-04 -2.37123195e-05
  5.55768045e-04 -9.42329677e-04 -5.89236015e-04  8.31869816e-04
  1.99944992e+00  5.99917726e+00 -1.60725107e-03  1.69994680e+01
 -1.22306341e-03 -2.67728114e-04  2.29999056e+01 -6.92754514e-04
  1.60004025e+01 -1.23442099e-03  1.37998105e+02  2.29000319e+02
  1.16000726e+02  1.00007418e+01 -2.68088371e-04  8.99898467e+00
 -1.48051028e-03 -5.84751904e-04  6.38860963e-04 -6.76514627e-05
  3.05430025e-04  8.47713820e-04  1.80532818e-03  2.36082668e-03
 -6.09570368e-04 -1.96412907e-03  1.39104604e-03  1.55314585e-03
 -1.90405231e-04 -1.94352456e-03  4.85462299e-05  1.69994994e+01
 -7.41787258e-04  1.50005112e+01  1.25001488e+02  1.12000547e+02
  2.06867013e-04  1.49991264e+01  2.21998808e+02  2.54999541e+02
  5.69992508e+01 -7.83953571e-04  1.50015893e+01 -9.18343129e-04
 -2.25243839e-04 -1.10521997e-03  3.47194146e-04 -2.18948603e-04
 -2.21471948e-03 -6.87812765e-04 -5.53452000e-04 -4.31143550e-04
  8.62206625e-04  2.26948212e-04 -1.20158355e-03 -3.06627767e-05
 -1.12364273e-03  1.00008143e+01 -2.10323664e-04  6.00088630e+00
  3.00135371e+00  4.99864655e+00  2.39000727e+02  2.37000531e+02
  3.29989117e+01  1.24999579e+02  2.55000192e+02  2.45999490e+02
  2.19996712e+01 -1.61556835e-03  1.73726653e-04  2.99972764e+00
 -8.67624774e-04 -1.37938734e-03  1.49707634e-04 -4.58516097e-05
 -1.78223893e-04 -4.59839834e-04  3.17956366e-04  1.93787560e-03
  4.50263960e-04 -7.80317153e-04 -8.26515978e-04 -1.24103651e-04
 -1.09633085e-03 -1.76431454e-04  2.99891348e+00  5.87740564e-04
  8.99858252e+00  5.39998360e+01  2.40000621e+02  2.30999915e+02
  9.89997737e+01  2.54999523e+02  2.21999264e+02  6.09969860e+01
  1.10013900e+01  2.00062014e+00 -3.00422530e-04  6.99897692e+00
 -3.81698763e-04 -5.48784812e-04 -8.45155520e-04 -1.67537020e-06
  6.04952938e-04  1.27235477e-03 -1.03884753e-03  4.56652160e-04
  1.22113038e-04  9.78138005e-05 -1.46228031e-03  1.77281424e-03
  5.00071405e+00  8.00179984e+00 -3.20411616e-04  1.30000040e+01
  9.00138486e+00  1.99000699e+02  2.36999696e+02  1.55001508e+02
  2.15000030e+02  2.55001703e+02  1.33000188e+02  1.90003671e+01
  1.09990980e+01  7.73258138e-04  3.00034125e+00 -5.39948195e-04
  6.72418939e-04  1.25867085e-03 -5.26170580e-04 -1.11581542e-03
  1.17428766e-03  3.71531389e-05 -1.08490784e-03  1.81606442e-03
  4.66202802e-04 -6.96167451e-04 -2.64035437e-04  7.90516815e-04
  1.25671729e-04 -1.69386955e-04  1.10002809e+01  1.09996416e+01
  1.84999742e+02  2.54998586e+02  2.33000080e+02  1.25999349e+02
  2.44000102e+02  2.05000592e+02  2.99986836e+01  1.16889965e-03
 -5.03786308e-04  2.00093019e+00  4.99977513e+00  4.99945288e+00
  7.36928639e-04  6.93112879e-04 -2.11751896e-03 -3.89160576e-04
 -1.46117322e-03 -8.05532684e-04 -8.77437359e-04  1.96245462e-03
  1.04992201e-03 -5.94739698e-04  8.45082515e-05 -2.16708914e-03
  4.67094126e-04  2.00002624e+01 -2.37006776e-04  1.60999887e+02
  2.54999480e+02  2.37999925e+02  1.05999999e+02  1.98999097e+02
  2.55001380e+02  1.11000340e+02 -1.24257872e-03  8.99934820e+00
  2.99930259e+00  2.99951916e+00 -2.88519387e-04 -4.72489961e-04
  1.16007653e-03  1.58341564e-03  1.67151151e-03 -1.21644083e-04
 -5.60976438e-05 -2.88194699e-04  4.42842132e-04 -3.77830959e-04
 -2.16731174e-04  1.33869062e-04 -5.66289666e-04 -9.18652392e-04
  5.00090257e+00  2.99953272e+00  8.59995647e+01  2.53000090e+02
  2.54999945e+02  1.21998704e+02  1.11000669e+02  2.45000980e+02
  2.05998892e+02  1.00005812e+01 -1.13921640e-03 -8.55180762e-04
  4.99911602e+00 -1.22548643e-03  7.99949971e+00 -1.00583624e-03
  8.53495317e-04 -4.07952908e-04  3.42942980e-04 -1.08909326e-03
 -9.83052146e-04 -5.36850614e-04 -1.04445900e-03  1.17289745e-03
 -1.03513165e-03  1.43695500e-03  4.43666138e-04 -1.04046063e-03
  3.10578500e-04 -1.60718401e-04  2.02998802e+02  2.54999434e+02
  2.32998952e+02  1.40999167e+02  2.36001102e+02  2.55001003e+02
  2.42999532e+02  2.09999054e+02  1.51999318e+02  1.55877019e-03
  1.53760871e-04  5.99986959e+00  1.65657392e-03  1.15237941e-03
  9.46117177e-04 -5.08556451e-04  6.46226072e-04  8.96421673e-04
  2.07732651e-04 -1.55211838e-04 -1.02779892e-03 -1.75254642e-05
  7.86184050e-04 -3.85856222e-04  3.38352851e-04 -1.99249168e-03
  1.39994531e+01  9.00008629e+01  2.47997832e+02  2.54999001e+02
  2.48000710e+02  2.51996998e+02  2.54998634e+02  2.48000921e+02
  2.51000630e+02  2.54999678e+02  2.44000738e+02  1.04998864e+02
 -7.56690721e-04 -1.72627895e-03  9.99935166e+00  1.10664214e-03
  1.67328636e-03  7.36128918e-04  1.24445310e-03  2.98573448e-04
 -8.02483689e-04 -1.24805745e-03  3.13028250e-04  4.12657600e-04
 -6.02922985e-04  1.97530086e-04  8.14889472e-04  8.12648517e-04
  9.99910059e+00  1.45998678e+02  2.52000197e+02  2.54999536e+02
  2.53000094e+02  2.50998845e+02  2.54998850e+02  1.75000953e+02
  9.20001382e+01  1.53001354e+02  1.87998741e+02  4.69988761e+01
 -1.14823331e-03 -5.47449564e-05  1.29984721e+01 -1.58321183e-04
 -8.53778698e-04  9.89570907e-05  7.41355957e-04  4.71959156e-04
  1.44072958e-03 -1.65655998e-03  5.70639467e-05  5.37682648e-04
  2.06358490e-04  1.63097051e-03 -5.80221810e-04 -4.39567823e-04
 -4.74759855e-04  9.79983593e+01  2.28000487e+02  1.76000753e+02
  1.62000558e+02  2.55000476e+02  2.24998755e+02  2.49991354e+01
  8.00128757e+00  9.03520507e-04  1.70019206e+01 -3.67076996e-04
  3.99908230e+00 -7.21605128e-04 -3.51745020e-04  6.99945650e+00
 -6.06802192e-05  9.09506572e-04  1.41309997e-04 -8.76980137e-04
  5.44538290e-04  8.18093446e-04 -1.57260343e-03 -8.82126332e-04
 -1.73647334e-03  4.72653079e-04  3.75918169e-04  2.05021719e-03
  1.69988712e+01 -2.17885510e-03  8.10916673e-04  2.99965165e+00
  1.57998577e+02  2.49999591e+02  1.20999793e+02  4.65562048e-04
  5.51484636e-04  1.11813864e-03 -1.10960816e-03 -1.24370012e-04
  2.00043502e+00 -3.15074229e-04  3.47403521e-05  8.58160189e-05
 -9.51681052e-04  5.98362250e-04 -1.36398989e-03  1.09642702e-03
  1.90027909e-03  7.09548160e-04 -1.12589852e-03 -9.32443984e-04
 -1.66792648e-03 -1.22442418e-04 -1.06675419e-04 -5.67875766e-04
  2.26464800e-04  1.69996605e+01 -3.75492615e-04  5.30010088e+01
  2.54999518e+02  2.33999414e+02  4.00007482e+01 -1.02905028e-03
  1.47855341e-03  1.49992941e+01  1.60004756e+01  9.00035218e+00
  3.55587050e-04  6.00097255e+00 -8.33299623e-04  2.70755083e-04
 -7.63300535e-04 -1.48087180e-03 -7.56403000e-04 -1.28376798e-03
  7.92132974e-04 -1.35844924e-03  5.94694663e-04 -1.68890199e-03
 -2.64694451e-03  1.14413472e-05  8.30673421e-05  1.83440704e-03
 -1.01519623e-03  1.79994907e+01  2.51323860e-04  1.44997888e+02
  2.36001560e+02  1.09000811e+02  1.20009449e+01 -1.84712175e-03
 -1.61702392e-03 -5.09744259e-04  2.37442130e-04  7.00017035e+00
 -1.23030698e-03  3.99970836e+00 -1.30011358e-03  7.00061528e+00
 -9.55914763e-04  9.99554818e-04 -1.56819151e-04 -1.04439051e-03
 -3.03526353e-04 -7.86370019e-04  4.61418837e-04  1.91910094e-03
  4.39829522e-04 -6.74863667e-04 -2.01779705e-05 -4.20713351e-04
  1.69993623e+01 -5.42768109e-05  2.59995682e+01  2.48999830e+02
  2.31999357e+02  4.30009120e+01  2.18769940e-04  1.00065907e+00
  9.99912726e+00  6.99991194e+00 -7.69175851e-04  1.09987662e+01
 -1.22693373e-03 -4.69481205e-04 -2.38143390e-03  5.74958731e-04
  4.82323792e-04  8.03412565e-04 -3.33513080e-04  2.18741153e-04
  4.71820516e-04  7.15866168e-04 -5.14889672e-04 -1.15738554e-03
  3.74590572e-04 -3.05617359e-04 -8.18778841e-04  8.14225877e-04
 -4.19028088e-04  1.59991087e+01  1.50999687e+02  2.46002236e+02
  1.15999685e+02  4.99977055e+00  1.74654213e-04 -1.23999053e-03
  2.94854268e-04  1.09994907e+01  7.91827631e-04  2.99996486e+00
 -8.32868091e-04  9.72376242e-04  6.00071057e+00  3.47944991e-04
 -2.54805702e-04  8.72393147e-04 -8.60555542e-05 -7.41731684e-04
 -1.24082241e-03 -1.21034602e-04  3.21104428e-04  7.06473370e-04
  1.39232921e-04  9.05774549e-04  6.82233103e-04  1.28696451e-03
 -4.81990172e-04  3.20016017e+01  2.41999902e+02  2.28001469e+02
  1.39998863e+01  1.99926906e+00  1.99976248e+00 -1.63647886e-04
 -2.79373000e-04  2.99971613e+00  8.25201954e-04  3.99972609e+00
  5.00008849e+00 -5.21104794e-04  6.99909139e+00  4.69767388e-04
 -3.29165956e-04  9.04177079e-04  3.20964805e-04 -2.15383482e-03
 -1.00568833e-03 -2.05122021e-03 -4.20115430e-04  1.94309979e-04
  3.57543413e-04  1.58190877e-04  2.37558585e-03  6.02304260e-04
 -6.39225488e-04  1.80000549e+02  2.26001547e+02  9.30008039e+01
  9.35552037e-04 -9.90062837e-04  1.63628707e-03  3.99886654e+00
  6.05020329e-04  1.57023249e-03  1.42592307e-03  4.51450670e-04
 -1.55664382e-03 -6.45778349e-05 -1.40264802e-03  6.60820849e-04
 -7.50846150e-04 -6.57752870e-04  4.30283908e-04  1.66681167e-03
 -1.20226031e-03 -6.74283318e-04  1.34688165e-04  7.30897848e-04
  4.33089806e-04  2.75203501e-03 -1.27998594e-04  8.36703835e-04
  1.06838613e-03  1.92000288e+02  1.48000467e+02  1.48363674e-03
  1.00024610e+00  2.49990140e+01  1.45616923e-03 -1.95951092e-03
 -1.39923614e-03  6.90432241e-04  1.26425345e-03 -4.83971878e-04
  9.22055219e-05 -8.18115925e-04 -1.40985535e-04  1.78168265e-05
 -1.15440975e-03 -1.44609658e-03 -1.04821582e-03  2.62490725e-04
  8.79489778e-04 -1.07518180e-04 -8.77792324e-04  3.00010846e-04
  5.45902121e-04 -1.94180523e-04  2.37835920e-03 -7.67768419e-04
  1.00007506e+01  3.99835742e+00  7.00112750e+00  2.99914887e+00
 -6.45116885e-04 -2.66631641e-03  6.00057459e+00  1.00005726e+00
  1.64664529e-04 -1.78620139e-04  1.49283833e-04  3.20703096e-04
 -1.11300950e-03  1.08445090e-04  1.16052117e-03 -4.34896304e-04
 -1.80995012e-05  2.50255357e-03 -4.00102013e-05  8.72497278e-04
  5.97850298e-04 -1.45434653e-04  1.00028875e-03 -1.88402054e-03
  1.10085084e-03  4.93668479e-04  4.14571853e-04  1.81146267e-03
  6.20167376e-04 -7.61099273e-04  9.68398696e-05  2.99887931e+00
  7.00125720e+00  1.00030967e+00 -1.58371524e-04 -1.26210898e-04
 -3.41528143e-05  6.22305750e-04 -6.88984951e-04  2.80432854e-04
  3.72613616e-04 -7.22357109e-04 -3.16196000e-04 -7.27030217e-05
  1.26185469e-03  5.75750154e-06  1.06370424e-03 -1.48316177e-03]
